12 49
OneWeb-synthetic 0
1 00001U 00000ABC 00001.00000000  .00000000  00000-0  00000+0 0    04
2 00001  87.9000   0.0000 0000001   0.0000   0.0000 13.16000000    09
OneWeb-synthetic 1
1 00002U 00000ABC 00001.00000000  .00000000  00000-0  00000+0 0    05
2 00002  87.9000   0.0000 0000001   0.0000   7.3469 13.16000000    09
OneWeb-synthetic 2
1 00003U 00000ABC 00001.00000000  .00000000  00000-0  00000+0 0    06
2 00003  87.9000   0.0000 0000001   0.0000  14.6939 13.16000000    03
OneWeb-synthetic 3
1 00004U 00000ABC 00001.00000000  .00000000  00000-0  00000+0 0    07
2 00004  87.9000   0.0000 0000001   0.0000  22.0408 13.16000000    08
OneWeb-synthetic 4
1 00005U 00000ABC 00001.00000000  .00000000  00000-0  00000+0 0    08
2 00005  87.9000   0.0000 0000001   0.0000  29.3878 13.16000000    00
OneWeb-synthetic 5
1 00006U 00000ABC 00001.00000000  .00000000  00000-0  00000+0 0    09
2 00006  87.9000   0.0000 0000001   0.0000  36.7347 13.16000000    04
OneWeb-synthetic 6
1 00007U 00000ABC 00001.00000000  .00000000  00000-0  00000+0 0    00
2 00007  87.9000   0.0000 0000001   0.0000  44.0816 13.16000000    08
OneWeb-synthetic 7
1 00008U 00000ABC 00001.00000000  .00000000  00000-0  00000+0 0    01
2 00008  87.9000   0.0000 0000001   0.0000  51.4286 13.16000000    02
OneWeb-synthetic 8
1 00009U 00000ABC 00001.00000000  .00000000  00000-0  00000+0 0    02
2 00009  87.9000   0.0000 0000001   0.0000  58.7755 13.16000000    04
OneWeb-synthetic 9
1 00010U 00000ABC 00001.00000000  .00000000  00000-0  00000+0 0    04
2 00010  87.9000   0.0000 0000001   0.0000  66.1224 13.16000000    00
OneWeb-synthetic 10
1 00011U 00000ABC 00001.00000000  .00000000  00000-0  00000+0 0    05
2 00011  87.9000   0.0000 0000001   0.0000  73.4694 13.16000000    03
OneWeb-synthetic 11
1 00012U 00000ABC 00001.00000000  .00000000  00000-0  00000+0 0    06
2 00012  87.9000   0.0000 0000001   0.0000  80.8163 13.16000000    07
OneWeb-synthetic 12
1 00013U 00000ABC 00001.00000000  .00000000  00000-0  00000+0 0    07
2 00013  87.9000   0.0000 0000001   0.0000  88.1633 13.16000000    01
OneWeb-synthetic 13
1 00014U 00000ABC 00001.00000000  .00000000  00000-0  00000+0 0    08
2 00014  87.9000   0.0000 0000001   0.0000  95.5102 13.16000000    05
OneWeb-synthetic 14
1 00015U 00000ABC 00001.00000000  .00000000  00000-0  00000+0 0    09
2 00015  87.9000   0.0000 0000001   0.0000 102.8571 13.16000000    08
OneWeb-synthetic 15
1 00016U 00000ABC 00001.00000000  .00000000  00000-0  00000+0 0    00
2 00016  87.9000   0.0000 0000001   0.0000 110.2041 13.16000000    04
OneWeb-synthetic 16
1 00017U 00000ABC 00001.00000000  .00000000  00000-0  00000+0 0    01
2 00017  87.9000   0.0000 0000001   0.0000 117.5510 13.16000000    06
OneWeb-synthetic 17
1 00018U 00000ABC 00001.00000000  .00000000  00000-0  00000+0 0    02
2 00018  87.9000   0.0000 0000001   0.0000 124.8980 13.16000000    09
OneWeb-synthetic 18
1 00019U 00000ABC 00001.00000000  .00000000  00000-0  00000+0 0    03
2 00019  87.9000   0.0000 0000001   0.0000 132.2449 13.16000000    03
OneWeb-synthetic 19
1 00020U 00000ABC 00001.00000000  .00000000  00000-0  00000+0 0    05
2 00020  87.9000   0.0000 0000001   0.0000 139.5918 13.16000000    06
OneWeb-synthetic 20
1 00021U 00000ABC 00001.00000000  .00000000  00000-0  00000+0 0    06
2 00021  87.9000   0.0000 0000001   0.0000 146.9388 13.16000000    00
OneWeb-synthetic 21
1 00022U 00000ABC 00001.00000000  .00000000  00000-0  00000+0 0    07
2 00022  87.9000   0.0000 0000001   0.0000 154.2857 13.16000000    04
OneWeb-synthetic 22
1 00023U 00000ABC 00001.00000000  .00000000  00000-0  00000+0 0    08
2 00023  87.9000   0.0000 0000001   0.0000 161.6327 13.16000000    09
OneWeb-synthetic 23
1 00024U 00000ABC 00001.00000000  .00000000  00000-0  00000+0 0    09
2 00024  87.9000   0.0000 0000001   0.0000 168.9796 13.16000000    00
OneWeb-synthetic 24
1 00025U 00000ABC 00001.00000000  .00000000  00000-0  00000+0 0    00
2 00025  87.9000   0.0000 0000001   0.0000 176.3265 13.16000000    05
OneWeb-synthetic 25
1 00026U 00000ABC 00001.00000000  .00000000  00000-0  00000+0 0    01
2 00026  87.9000   0.0000 0000001   0.0000 183.6735 13.16000000    09
OneWeb-synthetic 26
1 00027U 00000ABC 00001.00000000  .00000000  00000-0  00000+0 0    02
2 00027  87.9000   0.0000 0000001   0.0000 191.0204 13.16000000    04
OneWeb-synthetic 27
1 00028U 00000ABC 00001.00000000  .00000000  00000-0  00000+0 0    03
2 00028  87.9000   0.0000 0000001   0.0000 198.3673 13.16000000    05
OneWeb-synthetic 28
1 00029U 00000ABC 00001.00000000  .00000000  00000-0  00000+0 0    04
2 00029  87.9000   0.0000 0000001   0.0000 205.7143 13.16000000    01
OneWeb-synthetic 29
1 00030U 00000ABC 00001.00000000  .00000000  00000-0  00000+0 0    06
2 00030  87.9000   0.0000 0000001   0.0000 213.0612 13.16000000    06
OneWeb-synthetic 30
1 00031U 00000ABC 00001.00000000  .00000000  00000-0  00000+0 0    07
2 00031  87.9000   0.0000 0000001   0.0000 220.4082 13.16000000    00
OneWeb-synthetic 31
1 00032U 00000ABC 00001.00000000  .00000000  00000-0  00000+0 0    08
2 00032  87.9000   0.0000 0000001   0.0000 227.7551 13.16000000    02
OneWeb-synthetic 32
1 00033U 00000ABC 00001.00000000  .00000000  00000-0  00000+0 0    09
2 00033  87.9000   0.0000 0000001   0.0000 235.1020 13.16000000    07
OneWeb-synthetic 33
1 00034U 00000ABC 00001.00000000  .00000000  00000-0  00000+0 0    00
2 00034  87.9000   0.0000 0000001   0.0000 242.4490 13.16000000    00
OneWeb-synthetic 34
1 00035U 00000ABC 00001.00000000  .00000000  00000-0  00000+0 0    01
2 00035  87.9000   0.0000 0000001   0.0000 249.7959 13.16000000    01
OneWeb-synthetic 35
1 00036U 00000ABC 00001.00000000  .00000000  00000-0  00000+0 0    02
2 00036  87.9000   0.0000 0000001   0.0000 257.1429 13.16000000    07
OneWeb-synthetic 36
1 00037U 00000ABC 00001.00000000  .00000000  00000-0  00000+0 0    03
2 00037  87.9000   0.0000 0000001   0.0000 264.4898 13.16000000    09
OneWeb-synthetic 37
1 00038U 00000ABC 00001.00000000  .00000000  00000-0  00000+0 0    04
2 00038  87.9000   0.0000 0000001   0.0000 271.8367 13.16000000    03
OneWeb-synthetic 38
1 00039U 00000ABC 00001.00000000  .00000000  00000-0  00000+0 0    05
2 00039  87.9000   0.0000 0000001   0.0000 279.1837 13.16000000    07
OneWeb-synthetic 39
1 00040U 00000ABC 00001.00000000  .00000000  00000-0  00000+0 0    07
2 00040  87.9000   0.0000 0000001   0.0000 286.5306 13.16000000    02
OneWeb-synthetic 40
1 00041U 00000ABC 00001.00000000  .00000000  00000-0  00000+0 0    08
2 00041  87.9000   0.0000 0000001   0.0000 293.8776 13.16000000    05
OneWeb-synthetic 41
1 00042U 00000ABC 00001.00000000  .00000000  00000-0  00000+0 0    09
2 00042  87.9000   0.0000 0000001   0.0000 301.2245 13.16000000    01
OneWeb-synthetic 42
1 00043U 00000ABC 00001.00000000  .00000000  00000-0  00000+0 0    00
2 00043  87.9000   0.0000 0000001   0.0000 308.5714 13.16000000    03
OneWeb-synthetic 43
1 00044U 00000ABC 00001.00000000  .00000000  00000-0  00000+0 0    01
2 00044  87.9000   0.0000 0000001   0.0000 315.9184 13.16000000    07
OneWeb-synthetic 44
1 00045U 00000ABC 00001.00000000  .00000000  00000-0  00000+0 0    02
2 00045  87.9000   0.0000 0000001   0.0000 323.2653 13.16000000    01
OneWeb-synthetic 45
1 00046U 00000ABC 00001.00000000  .00000000  00000-0  00000+0 0    03
2 00046  87.9000   0.0000 0000001   0.0000 330.6122 13.16000000    05
OneWeb-synthetic 46
1 00047U 00000ABC 00001.00000000  .00000000  00000-0  00000+0 0    04
2 00047  87.9000   0.0000 0000001   0.0000 337.9592 13.16000000    07
OneWeb-synthetic 47
1 00048U 00000ABC 00001.00000000  .00000000  00000-0  00000+0 0    05
2 00048  87.9000   0.0000 0000001   0.0000 345.3061 13.16000000    02
OneWeb-synthetic 48
1 00049U 00000ABC 00001.00000000  .00000000  00000-0  00000+0 0    06
2 00049  87.9000   0.0000 0000001   0.0000 352.6531 13.16000000    06
OneWeb-synthetic 49
1 00050U 00000ABC 00001.00000000  .00000000  00000-0  00000+0 0    08
2 00050  87.9000  15.0000 0000001   0.0000   3.6735 13.16000000    03
OneWeb-synthetic 50
1 00051U 00000ABC 00001.00000000  .00000000  00000-0  00000+0 0    09
2 00051  87.9000  15.0000 0000001   0.0000  11.0204 13.16000000    08
OneWeb-synthetic 51
1 00052U 00000ABC 00001.00000000  .00000000  00000-0  00000+0 0    00
2 00052  87.9000  15.0000 0000001   0.0000  18.3673 13.16000000    09
OneWeb-synthetic 52
1 00053U 00000ABC 00001.00000000  .00000000  00000-0  00000+0 0    01
2 00053  87.9000  15.0000 0000001   0.0000  25.7143 13.16000000    04
OneWeb-synthetic 53
1 00054U 00000ABC 00001.00000000  .00000000  00000-0  00000+0 0    02
2 00054  87.9000  15.0000 0000001   0.0000  33.0612 13.16000000    08
OneWeb-synthetic 54
1 00055U 00000ABC 00001.00000000  .00000000  00000-0  00000+0 0    03
2 00055  87.9000  15.0000 0000001   0.0000  40.4082 13.16000000    02
OneWeb-synthetic 55
1 00056U 00000ABC 00001.00000000  .00000000  00000-0  00000+0 0    04
2 00056  87.9000  15.0000 0000001   0.0000  47.7551 13.16000000    04
OneWeb-synthetic 56
1 00057U 00000ABC 00001.00000000  .00000000  00000-0  00000+0 0    05
2 00057  87.9000  15.0000 0000001   0.0000  55.1020 13.16000000    09
OneWeb-synthetic 57
1 00058U 00000ABC 00001.00000000  .00000000  00000-0  00000+0 0    06
2 00058  87.9000  15.0000 0000001   0.0000  62.4490 13.16000000    02
OneWeb-synthetic 58
1 00059U 00000ABC 00001.00000000  .00000000  00000-0  00000+0 0    07
2 00059  87.9000  15.0000 0000001   0.0000  69.7959 13.16000000    03
OneWeb-synthetic 59
1 00060U 00000ABC 00001.00000000  .00000000  00000-0  00000+0 0    09
2 00060  87.9000  15.0000 0000001   0.0000  77.1429 13.16000000    00
OneWeb-synthetic 60
1 00061U 00000ABC 00001.00000000  .00000000  00000-0  00000+0 0    00
2 00061  87.9000  15.0000 0000001   0.0000  84.4898 13.16000000    02
OneWeb-synthetic 61
1 00062U 00000ABC 00001.00000000  .00000000  00000-0  00000+0 0    01
2 00062  87.9000  15.0000 0000001   0.0000  91.8367 13.16000000    06
OneWeb-synthetic 62
1 00063U 00000ABC 00001.00000000  .00000000  00000-0  00000+0 0    02
2 00063  87.9000  15.0000 0000001   0.0000  99.1837 13.16000000    00
OneWeb-synthetic 63
1 00064U 00000ABC 00001.00000000  .00000000  00000-0  00000+0 0    03
2 00064  87.9000  15.0000 0000001   0.0000 106.5306 13.16000000    05
OneWeb-synthetic 64
1 00065U 00000ABC 00001.00000000  .00000000  00000-0  00000+0 0    04
2 00065  87.9000  15.0000 0000001   0.0000 113.8776 13.16000000    08
OneWeb-synthetic 65
1 00066U 00000ABC 00001.00000000  .00000000  00000-0  00000+0 0    05
2 00066  87.9000  15.0000 0000001   0.0000 121.2245 13.16000000    03
OneWeb-synthetic 66
1 00067U 00000ABC 00001.00000000  .00000000  00000-0  00000+0 0    06
2 00067  87.9000  15.0000 0000001   0.0000 128.5714 13.16000000    05
OneWeb-synthetic 67
1 00068U 00000ABC 00001.00000000  .00000000  00000-0  00000+0 0    07
2 00068  87.9000  15.0000 0000001   0.0000 135.9184 13.16000000    09
OneWeb-synthetic 68
1 00069U 00000ABC 00001.00000000  .00000000  00000-0  00000+0 0    08
2 00069  87.9000  15.0000 0000001   0.0000 143.2653 13.16000000    03
OneWeb-synthetic 69
1 00070U 00000ABC 00001.00000000  .00000000  00000-0  00000+0 0    00
2 00070  87.9000  15.0000 0000001   0.0000 150.6122 13.16000000    08
OneWeb-synthetic 70
1 00071U 00000ABC 00001.00000000  .00000000  00000-0  00000+0 0    01
2 00071  87.9000  15.0000 0000001   0.0000 157.9592 13.16000000    00
OneWeb-synthetic 71
1 00072U 00000ABC 00001.00000000  .00000000  00000-0  00000+0 0    02
2 00072  87.9000  15.0000 0000001   0.0000 165.3061 13.16000000    05
OneWeb-synthetic 72
1 00073U 00000ABC 00001.00000000  .00000000  00000-0  00000+0 0    03
2 00073  87.9000  15.0000 0000001   0.0000 172.6531 13.16000000    09
OneWeb-synthetic 73
1 00074U 00000ABC 00001.00000000  .00000000  00000-0  00000+0 0    04
2 00074  87.9000  15.0000 0000001   0.0000 180.0000 13.16000000    04
OneWeb-synthetic 74
1 00075U 00000ABC 00001.00000000  .00000000  00000-0  00000+0 0    05
2 00075  87.9000  15.0000 0000001   0.0000 187.3469 13.16000000    04
OneWeb-synthetic 75
1 00076U 00000ABC 00001.00000000  .00000000  00000-0  00000+0 0    06
2 00076  87.9000  15.0000 0000001   0.0000 194.6939 13.16000000    08
OneWeb-synthetic 76
1 00077U 00000ABC 00001.00000000  .00000000  00000-0  00000+0 0    07
2 00077  87.9000  15.0000 0000001   0.0000 202.0408 13.16000000    04
OneWeb-synthetic 77
1 00078U 00000ABC 00001.00000000  .00000000  00000-0  00000+0 0    08
2 00078  87.9000  15.0000 0000001   0.0000 209.3878 13.16000000    06
OneWeb-synthetic 78
1 00079U 00000ABC 00001.00000000  .00000000  00000-0  00000+0 0    09
2 00079  87.9000  15.0000 0000001   0.0000 216.7347 13.16000000    00
OneWeb-synthetic 79
1 00080U 00000ABC 00001.00000000  .00000000  00000-0  00000+0 0    01
2 00080  87.9000  15.0000 0000001   0.0000 224.0816 13.16000000    05
OneWeb-synthetic 80
1 00081U 00000ABC 00001.00000000  .00000000  00000-0  00000+0 0    02
2 00081  87.9000  15.0000 0000001   0.0000 231.4286 13.16000000    09
OneWeb-synthetic 81
1 00082U 00000ABC 00001.00000000  .00000000  00000-0  00000+0 0    03
2 00082  87.9000  15.0000 0000001   0.0000 238.7755 13.16000000    01
OneWeb-synthetic 82
1 00083U 00000ABC 00001.00000000  .00000000  00000-0  00000+0 0    04
2 00083  87.9000  15.0000 0000001   0.0000 246.1224 13.16000000    06
OneWeb-synthetic 83
1 00084U 00000ABC 00001.00000000  .00000000  00000-0  00000+0 0    05
2 00084  87.9000  15.0000 0000001   0.0000 253.4694 13.16000000    09
OneWeb-synthetic 84
1 00085U 00000ABC 00001.00000000  .00000000  00000-0  00000+0 0    06
2 00085  87.9000  15.0000 0000001   0.0000 260.8163 13.16000000    03
OneWeb-synthetic 85
1 00086U 00000ABC 00001.00000000  .00000000  00000-0  00000+0 0    07
2 00086  87.9000  15.0000 0000001   0.0000 268.1633 13.16000000    07
OneWeb-synthetic 86
1 00087U 00000ABC 00001.00000000  .00000000  00000-0  00000+0 0    08
2 00087  87.9000  15.0000 0000001   0.0000 275.5102 13.16000000    01
OneWeb-synthetic 87
1 00088U 00000ABC 00001.00000000  .00000000  00000-0  00000+0 0    09
2 00088  87.9000  15.0000 0000001   0.0000 282.8571 13.16000000    03
OneWeb-synthetic 88
1 00089U 00000ABC 00001.00000000  .00000000  00000-0  00000+0 0    00
2 00089  87.9000  15.0000 0000001   0.0000 290.2041 13.16000000    09
OneWeb-synthetic 89
1 00090U 00000ABC 00001.00000000  .00000000  00000-0  00000+0 0    02
2 00090  87.9000  15.0000 0000001   0.0000 297.5510 13.16000000    02
OneWeb-synthetic 90
1 00091U 00000ABC 00001.00000000  .00000000  00000-0  00000+0 0    03
2 00091  87.9000  15.0000 0000001   0.0000 304.8980 13.16000000    06
OneWeb-synthetic 91
1 00092U 00000ABC 00001.00000000  .00000000  00000-0  00000+0 0    04
2 00092  87.9000  15.0000 0000001   0.0000 312.2449 13.16000000    00
OneWeb-synthetic 92
1 00093U 00000ABC 00001.00000000  .00000000  00000-0  00000+0 0    05
2 00093  87.9000  15.0000 0000001   0.0000 319.5918 13.16000000    02
OneWeb-synthetic 93
1 00094U 00000ABC 00001.00000000  .00000000  00000-0  00000+0 0    06
2 00094  87.9000  15.0000 0000001   0.0000 326.9388 13.16000000    06
OneWeb-synthetic 94
1 00095U 00000ABC 00001.00000000  .00000000  00000-0  00000+0 0    07
2 00095  87.9000  15.0000 0000001   0.0000 334.2857 13.16000000    00
OneWeb-synthetic 95
1 00096U 00000ABC 00001.00000000  .00000000  00000-0  00000+0 0    08
2 00096  87.9000  15.0000 0000001   0.0000 341.6327 13.16000000    05
OneWeb-synthetic 96
1 00097U 00000ABC 00001.00000000  .00000000  00000-0  00000+0 0    09
2 00097  87.9000  15.0000 0000001   0.0000 348.9796 13.16000000    06
OneWeb-synthetic 97
1 00098U 00000ABC 00001.00000000  .00000000  00000-0  00000+0 0    00
2 00098  87.9000  15.0000 0000001   0.0000 356.3265 13.16000000    01
OneWeb-synthetic 98
1 00099U 00000ABC 00001.00000000  .00000000  00000-0  00000+0 0    01
2 00099  87.9000  30.0000 0000001   0.0000   0.0000 13.16000000    09
OneWeb-synthetic 99
1 00100U 00000ABC 00001.00000000  .00000000  00000-0  00000+0 0    04
2 00100  87.9000  30.0000 0000001   0.0000   7.3469 13.16000000    01
OneWeb-synthetic 100
1 00101U 00000ABC 00001.00000000  .00000000  00000-0  00000+0 0    05
2 00101  87.9000  30.0000 0000001   0.0000  14.6939 13.16000000    05
OneWeb-synthetic 101
1 00102U 00000ABC 00001.00000000  .00000000  00000-0  00000+0 0    06
2 00102  87.9000  30.0000 0000001   0.0000  22.0408 13.16000000    00
OneWeb-synthetic 102
1 00103U 00000ABC 00001.00000000  .00000000  00000-0  00000+0 0    07
2 00103  87.9000  30.0000 0000001   0.0000  29.3878 13.16000000    02
OneWeb-synthetic 103
1 00104U 00000ABC 00001.00000000  .00000000  00000-0  00000+0 0    08
2 00104  87.9000  30.0000 0000001   0.0000  36.7347 13.16000000    06
OneWeb-synthetic 104
1 00105U 00000ABC 00001.00000000  .00000000  00000-0  00000+0 0    09
2 00105  87.9000  30.0000 0000001   0.0000  44.0816 13.16000000    00
OneWeb-synthetic 105
1 00106U 00000ABC 00001.00000000  .00000000  00000-0  00000+0 0    00
2 00106  87.9000  30.0000 0000001   0.0000  51.4286 13.16000000    04
OneWeb-synthetic 106
1 00107U 00000ABC 00001.00000000  .00000000  00000-0  00000+0 0    01
2 00107  87.9000  30.0000 0000001   0.0000  58.7755 13.16000000    06
OneWeb-synthetic 107
1 00108U 00000ABC 00001.00000000  .00000000  00000-0  00000+0 0    02
2 00108  87.9000  30.0000 0000001   0.0000  66.1224 13.16000000    01
OneWeb-synthetic 108
1 00109U 00000ABC 00001.00000000  .00000000  00000-0  00000+0 0    03
2 00109  87.9000  30.0000 0000001   0.0000  73.4694 13.16000000    04
OneWeb-synthetic 109
1 00110U 00000ABC 00001.00000000  .00000000  00000-0  00000+0 0    05
2 00110  87.9000  30.0000 0000001   0.0000  80.8163 13.16000000    09
OneWeb-synthetic 110
1 00111U 00000ABC 00001.00000000  .00000000  00000-0  00000+0 0    06
2 00111  87.9000  30.0000 0000001   0.0000  88.1633 13.16000000    03
OneWeb-synthetic 111
1 00112U 00000ABC 00001.00000000  .00000000  00000-0  00000+0 0    07
2 00112  87.9000  30.0000 0000001   0.0000  95.5102 13.16000000    07
OneWeb-synthetic 112
1 00113U 00000ABC 00001.00000000  .00000000  00000-0  00000+0 0    08
2 00113  87.9000  30.0000 0000001   0.0000 102.8571 13.16000000    00
OneWeb-synthetic 113
1 00114U 00000ABC 00001.00000000  .00000000  00000-0  00000+0 0    09
2 00114  87.9000  30.0000 0000001   0.0000 110.2041 13.16000000    06
OneWeb-synthetic 114
1 00115U 00000ABC 00001.00000000  .00000000  00000-0  00000+0 0    00
2 00115  87.9000  30.0000 0000001   0.0000 117.5510 13.16000000    08
OneWeb-synthetic 115
1 00116U 00000ABC 00001.00000000  .00000000  00000-0  00000+0 0    01
2 00116  87.9000  30.0000 0000001   0.0000 124.8980 13.16000000    01
OneWeb-synthetic 116
1 00117U 00000ABC 00001.00000000  .00000000  00000-0  00000+0 0    02
2 00117  87.9000  30.0000 0000001   0.0000 132.2449 13.16000000    05
OneWeb-synthetic 117
1 00118U 00000ABC 00001.00000000  .00000000  00000-0  00000+0 0    03
2 00118  87.9000  30.0000 0000001   0.0000 139.5918 13.16000000    07
OneWeb-synthetic 118
1 00119U 00000ABC 00001.00000000  .00000000  00000-0  00000+0 0    04
2 00119  87.9000  30.0000 0000001   0.0000 146.9388 13.16000000    01
OneWeb-synthetic 119
1 00120U 00000ABC 00001.00000000  .00000000  00000-0  00000+0 0    06
2 00120  87.9000  30.0000 0000001   0.0000 154.2857 13.16000000    06
OneWeb-synthetic 120
1 00121U 00000ABC 00001.00000000  .00000000  00000-0  00000+0 0    07
2 00121  87.9000  30.0000 0000001   0.0000 161.6327 13.16000000    01
OneWeb-synthetic 121
1 00122U 00000ABC 00001.00000000  .00000000  00000-0  00000+0 0    08
2 00122  87.9000  30.0000 0000001   0.0000 168.9796 13.16000000    02
OneWeb-synthetic 122
1 00123U 00000ABC 00001.00000000  .00000000  00000-0  00000+0 0    09
2 00123  87.9000  30.0000 0000001   0.0000 176.3265 13.16000000    07
OneWeb-synthetic 123
1 00124U 00000ABC 00001.00000000  .00000000  00000-0  00000+0 0    00
2 00124  87.9000  30.0000 0000001   0.0000 183.6735 13.16000000    01
OneWeb-synthetic 124
1 00125U 00000ABC 00001.00000000  .00000000  00000-0  00000+0 0    01
2 00125  87.9000  30.0000 0000001   0.0000 191.0204 13.16000000    06
OneWeb-synthetic 125
1 00126U 00000ABC 00001.00000000  .00000000  00000-0  00000+0 0    02
2 00126  87.9000  30.0000 0000001   0.0000 198.3673 13.16000000    07
OneWeb-synthetic 126
1 00127U 00000ABC 00001.00000000  .00000000  00000-0  00000+0 0    03
2 00127  87.9000  30.0000 0000001   0.0000 205.7143 13.16000000    03
OneWeb-synthetic 127
1 00128U 00000ABC 00001.00000000  .00000000  00000-0  00000+0 0    04
2 00128  87.9000  30.0000 0000001   0.0000 213.0612 13.16000000    07
OneWeb-synthetic 128
1 00129U 00000ABC 00001.00000000  .00000000  00000-0  00000+0 0    05
2 00129  87.9000  30.0000 0000001   0.0000 220.4082 13.16000000    01
OneWeb-synthetic 129
1 00130U 00000ABC 00001.00000000  .00000000  00000-0  00000+0 0    07
2 00130  87.9000  30.0000 0000001   0.0000 227.7551 13.16000000    04
OneWeb-synthetic 130
1 00131U 00000ABC 00001.00000000  .00000000  00000-0  00000+0 0    08
2 00131  87.9000  30.0000 0000001   0.0000 235.1020 13.16000000    09
OneWeb-synthetic 131
1 00132U 00000ABC 00001.00000000  .00000000  00000-0  00000+0 0    09
2 00132  87.9000  30.0000 0000001   0.0000 242.4490 13.16000000    02
OneWeb-synthetic 132
1 00133U 00000ABC 00001.00000000  .00000000  00000-0  00000+0 0    00
2 00133  87.9000  30.0000 0000001   0.0000 249.7959 13.16000000    03
OneWeb-synthetic 133
1 00134U 00000ABC 00001.00000000  .00000000  00000-0  00000+0 0    01
2 00134  87.9000  30.0000 0000001   0.0000 257.1429 13.16000000    09
OneWeb-synthetic 134
1 00135U 00000ABC 00001.00000000  .00000000  00000-0  00000+0 0    02
2 00135  87.9000  30.0000 0000001   0.0000 264.4898 13.16000000    01
OneWeb-synthetic 135
1 00136U 00000ABC 00001.00000000  .00000000  00000-0  00000+0 0    03
2 00136  87.9000  30.0000 0000001   0.0000 271.8367 13.16000000    05
OneWeb-synthetic 136
1 00137U 00000ABC 00001.00000000  .00000000  00000-0  00000+0 0    04
2 00137  87.9000  30.0000 0000001   0.0000 279.1837 13.16000000    09
OneWeb-synthetic 137
1 00138U 00000ABC 00001.00000000  .00000000  00000-0  00000+0 0    05
2 00138  87.9000  30.0000 0000001   0.0000 286.5306 13.16000000    03
OneWeb-synthetic 138
1 00139U 00000ABC 00001.00000000  .00000000  00000-0  00000+0 0    06
2 00139  87.9000  30.0000 0000001   0.0000 293.8776 13.16000000    06
OneWeb-synthetic 139
1 00140U 00000ABC 00001.00000000  .00000000  00000-0  00000+0 0    08
2 00140  87.9000  30.0000 0000001   0.0000 301.2245 13.16000000    03
OneWeb-synthetic 140
1 00141U 00000ABC 00001.00000000  .00000000  00000-0  00000+0 0    09
2 00141  87.9000  30.0000 0000001   0.0000 308.5714 13.16000000    05
OneWeb-synthetic 141
1 00142U 00000ABC 00001.00000000  .00000000  00000-0  00000+0 0    00
2 00142  87.9000  30.0000 0000001   0.0000 315.9184 13.16000000    09
OneWeb-synthetic 142
1 00143U 00000ABC 00001.00000000  .00000000  00000-0  00000+0 0    01
2 00143  87.9000  30.0000 0000001   0.0000 323.2653 13.16000000    03
OneWeb-synthetic 143
1 00144U 00000ABC 00001.00000000  .00000000  00000-0  00000+0 0    02
2 00144  87.9000  30.0000 0000001   0.0000 330.6122 13.16000000    07
OneWeb-synthetic 144
1 00145U 00000ABC 00001.00000000  .00000000  00000-0  00000+0 0    03
2 00145  87.9000  30.0000 0000001   0.0000 337.9592 13.16000000    09
OneWeb-synthetic 145
1 00146U 00000ABC 00001.00000000  .00000000  00000-0  00000+0 0    04
2 00146  87.9000  30.0000 0000001   0.0000 345.3061 13.16000000    04
OneWeb-synthetic 146
1 00147U 00000ABC 00001.00000000  .00000000  00000-0  00000+0 0    05
2 00147  87.9000  30.0000 0000001   0.0000 352.6531 13.16000000    08
OneWeb-synthetic 147
1 00148U 00000ABC 00001.00000000  .00000000  00000-0  00000+0 0    06
2 00148  87.9000  45.0000 0000001   0.0000   3.6735 13.16000000    04
OneWeb-synthetic 148
1 00149U 00000ABC 00001.00000000  .00000000  00000-0  00000+0 0    07
2 00149  87.9000  45.0000 0000001   0.0000  11.0204 13.16000000    09
OneWeb-synthetic 149
1 00150U 00000ABC 00001.00000000  .00000000  00000-0  00000+0 0    09
2 00150  87.9000  45.0000 0000001   0.0000  18.3673 13.16000000    01
OneWeb-synthetic 150
1 00151U 00000ABC 00001.00000000  .00000000  00000-0  00000+0 0    00
2 00151  87.9000  45.0000 0000001   0.0000  25.7143 13.16000000    06
OneWeb-synthetic 151
1 00152U 00000ABC 00001.00000000  .00000000  00000-0  00000+0 0    01
2 00152  87.9000  45.0000 0000001   0.0000  33.0612 13.16000000    00
OneWeb-synthetic 152
1 00153U 00000ABC 00001.00000000  .00000000  00000-0  00000+0 0    02
2 00153  87.9000  45.0000 0000001   0.0000  40.4082 13.16000000    04
OneWeb-synthetic 153
1 00154U 00000ABC 00001.00000000  .00000000  00000-0  00000+0 0    03
2 00154  87.9000  45.0000 0000001   0.0000  47.7551 13.16000000    06
OneWeb-synthetic 154
1 00155U 00000ABC 00001.00000000  .00000000  00000-0  00000+0 0    04
2 00155  87.9000  45.0000 0000001   0.0000  55.1020 13.16000000    01
OneWeb-synthetic 155
1 00156U 00000ABC 00001.00000000  .00000000  00000-0  00000+0 0    05
2 00156  87.9000  45.0000 0000001   0.0000  62.4490 13.16000000    04
OneWeb-synthetic 156
1 00157U 00000ABC 00001.00000000  .00000000  00000-0  00000+0 0    06
2 00157  87.9000  45.0000 0000001   0.0000  69.7959 13.16000000    05
OneWeb-synthetic 157
1 00158U 00000ABC 00001.00000000  .00000000  00000-0  00000+0 0    07
2 00158  87.9000  45.0000 0000001   0.0000  77.1429 13.16000000    01
OneWeb-synthetic 158
1 00159U 00000ABC 00001.00000000  .00000000  00000-0  00000+0 0    08
2 00159  87.9000  45.0000 0000001   0.0000  84.4898 13.16000000    03
OneWeb-synthetic 159
1 00160U 00000ABC 00001.00000000  .00000000  00000-0  00000+0 0    00
2 00160  87.9000  45.0000 0000001   0.0000  91.8367 13.16000000    08
OneWeb-synthetic 160
1 00161U 00000ABC 00001.00000000  .00000000  00000-0  00000+0 0    01
2 00161  87.9000  45.0000 0000001   0.0000  99.1837 13.16000000    02
OneWeb-synthetic 161
1 00162U 00000ABC 00001.00000000  .00000000  00000-0  00000+0 0    02
2 00162  87.9000  45.0000 0000001   0.0000 106.5306 13.16000000    07
OneWeb-synthetic 162
1 00163U 00000ABC 00001.00000000  .00000000  00000-0  00000+0 0    03
2 00163  87.9000  45.0000 0000001   0.0000 113.8776 13.16000000    00
OneWeb-synthetic 163
1 00164U 00000ABC 00001.00000000  .00000000  00000-0  00000+0 0    04
2 00164  87.9000  45.0000 0000001   0.0000 121.2245 13.16000000    05
OneWeb-synthetic 164
1 00165U 00000ABC 00001.00000000  .00000000  00000-0  00000+0 0    05
2 00165  87.9000  45.0000 0000001   0.0000 128.5714 13.16000000    07
OneWeb-synthetic 165
1 00166U 00000ABC 00001.00000000  .00000000  00000-0  00000+0 0    06
2 00166  87.9000  45.0000 0000001   0.0000 135.9184 13.16000000    01
OneWeb-synthetic 166
1 00167U 00000ABC 00001.00000000  .00000000  00000-0  00000+0 0    07
2 00167  87.9000  45.0000 0000001   0.0000 143.2653 13.16000000    05
OneWeb-synthetic 167
1 00168U 00000ABC 00001.00000000  .00000000  00000-0  00000+0 0    08
2 00168  87.9000  45.0000 0000001   0.0000 150.6122 13.16000000    09
OneWeb-synthetic 168
1 00169U 00000ABC 00001.00000000  .00000000  00000-0  00000+0 0    09
2 00169  87.9000  45.0000 0000001   0.0000 157.9592 13.16000000    01
OneWeb-synthetic 169
1 00170U 00000ABC 00001.00000000  .00000000  00000-0  00000+0 0    01
2 00170  87.9000  45.0000 0000001   0.0000 165.3061 13.16000000    07
OneWeb-synthetic 170
1 00171U 00000ABC 00001.00000000  .00000000  00000-0  00000+0 0    02
2 00171  87.9000  45.0000 0000001   0.0000 172.6531 13.16000000    01
OneWeb-synthetic 171
1 00172U 00000ABC 00001.00000000  .00000000  00000-0  00000+0 0    03
2 00172  87.9000  45.0000 0000001   0.0000 180.0000 13.16000000    06
OneWeb-synthetic 172
1 00173U 00000ABC 00001.00000000  .00000000  00000-0  00000+0 0    04
2 00173  87.9000  45.0000 0000001   0.0000 187.3469 13.16000000    06
OneWeb-synthetic 173
1 00174U 00000ABC 00001.00000000  .00000000  00000-0  00000+0 0    05
2 00174  87.9000  45.0000 0000001   0.0000 194.6939 13.16000000    00
OneWeb-synthetic 174
1 00175U 00000ABC 00001.00000000  .00000000  00000-0  00000+0 0    06
2 00175  87.9000  45.0000 0000001   0.0000 202.0408 13.16000000    06
OneWeb-synthetic 175
1 00176U 00000ABC 00001.00000000  .00000000  00000-0  00000+0 0    07
2 00176  87.9000  45.0000 0000001   0.0000 209.3878 13.16000000    08
OneWeb-synthetic 176
1 00177U 00000ABC 00001.00000000  .00000000  00000-0  00000+0 0    08
2 00177  87.9000  45.0000 0000001   0.0000 216.7347 13.16000000    02
OneWeb-synthetic 177
1 00178U 00000ABC 00001.00000000  .00000000  00000-0  00000+0 0    09
2 00178  87.9000  45.0000 0000001   0.0000 224.0816 13.16000000    06
OneWeb-synthetic 178
1 00179U 00000ABC 00001.00000000  .00000000  00000-0  00000+0 0    00
2 00179  87.9000  45.0000 0000001   0.0000 231.4286 13.16000000    00
OneWeb-synthetic 179
1 00180U 00000ABC 00001.00000000  .00000000  00000-0  00000+0 0    02
2 00180  87.9000  45.0000 0000001   0.0000 238.7755 13.16000000    03
OneWeb-synthetic 180
1 00181U 00000ABC 00001.00000000  .00000000  00000-0  00000+0 0    03
2 00181  87.9000  45.0000 0000001   0.0000 246.1224 13.16000000    08
OneWeb-synthetic 181
1 00182U 00000ABC 00001.00000000  .00000000  00000-0  00000+0 0    04
2 00182  87.9000  45.0000 0000001   0.0000 253.4694 13.16000000    01
OneWeb-synthetic 182
1 00183U 00000ABC 00001.00000000  .00000000  00000-0  00000+0 0    05
2 00183  87.9000  45.0000 0000001   0.0000 260.8163 13.16000000    05
OneWeb-synthetic 183
1 00184U 00000ABC 00001.00000000  .00000000  00000-0  00000+0 0    06
2 00184  87.9000  45.0000 0000001   0.0000 268.1633 13.16000000    09
OneWeb-synthetic 184
1 00185U 00000ABC 00001.00000000  .00000000  00000-0  00000+0 0    07
2 00185  87.9000  45.0000 0000001   0.0000 275.5102 13.16000000    03
OneWeb-synthetic 185
1 00186U 00000ABC 00001.00000000  .00000000  00000-0  00000+0 0    08
2 00186  87.9000  45.0000 0000001   0.0000 282.8571 13.16000000    05
OneWeb-synthetic 186
1 00187U 00000ABC 00001.00000000  .00000000  00000-0  00000+0 0    09
2 00187  87.9000  45.0000 0000001   0.0000 290.2041 13.16000000    01
OneWeb-synthetic 187
1 00188U 00000ABC 00001.00000000  .00000000  00000-0  00000+0 0    00
2 00188  87.9000  45.0000 0000001   0.0000 297.5510 13.16000000    03
OneWeb-synthetic 188
1 00189U 00000ABC 00001.00000000  .00000000  00000-0  00000+0 0    01
2 00189  87.9000  45.0000 0000001   0.0000 304.8980 13.16000000    07
OneWeb-synthetic 189
1 00190U 00000ABC 00001.00000000  .00000000  00000-0  00000+0 0    03
2 00190  87.9000  45.0000 0000001   0.0000 312.2449 13.16000000    02
OneWeb-synthetic 190
1 00191U 00000ABC 00001.00000000  .00000000  00000-0  00000+0 0    04
2 00191  87.9000  45.0000 0000001   0.0000 319.5918 13.16000000    04
OneWeb-synthetic 191
1 00192U 00000ABC 00001.00000000  .00000000  00000-0  00000+0 0    05
2 00192  87.9000  45.0000 0000001   0.0000 326.9388 13.16000000    08
OneWeb-synthetic 192
1 00193U 00000ABC 00001.00000000  .00000000  00000-0  00000+0 0    06
2 00193  87.9000  45.0000 0000001   0.0000 334.2857 13.16000000    02
OneWeb-synthetic 193
1 00194U 00000ABC 00001.00000000  .00000000  00000-0  00000+0 0    07
2 00194  87.9000  45.0000 0000001   0.0000 341.6327 13.16000000    07
OneWeb-synthetic 194
1 00195U 00000ABC 00001.00000000  .00000000  00000-0  00000+0 0    08
2 00195  87.9000  45.0000 0000001   0.0000 348.9796 13.16000000    08
OneWeb-synthetic 195
1 00196U 00000ABC 00001.00000000  .00000000  00000-0  00000+0 0    09
2 00196  87.9000  45.0000 0000001   0.0000 356.3265 13.16000000    03
OneWeb-synthetic 196
1 00197U 00000ABC 00001.00000000  .00000000  00000-0  00000+0 0    00
2 00197  87.9000  60.0000 0000001   0.0000   0.0000 13.16000000    01
OneWeb-synthetic 197
1 00198U 00000ABC 00001.00000000  .00000000  00000-0  00000+0 0    01
2 00198  87.9000  60.0000 0000001   0.0000   7.3469 13.16000000    01
OneWeb-synthetic 198
1 00199U 00000ABC 00001.00000000  .00000000  00000-0  00000+0 0    02
2 00199  87.9000  60.0000 0000001   0.0000  14.6939 13.16000000    05
OneWeb-synthetic 199
1 00200U 00000ABC 00001.00000000  .00000000  00000-0  00000+0 0    05
2 00200  87.9000  60.0000 0000001   0.0000  22.0408 13.16000000    02
OneWeb-synthetic 200
1 00201U 00000ABC 00001.00000000  .00000000  00000-0  00000+0 0    06
2 00201  87.9000  60.0000 0000001   0.0000  29.3878 13.16000000    04
OneWeb-synthetic 201
1 00202U 00000ABC 00001.00000000  .00000000  00000-0  00000+0 0    07
2 00202  87.9000  60.0000 0000001   0.0000  36.7347 13.16000000    08
OneWeb-synthetic 202
1 00203U 00000ABC 00001.00000000  .00000000  00000-0  00000+0 0    08
2 00203  87.9000  60.0000 0000001   0.0000  44.0816 13.16000000    02
OneWeb-synthetic 203
1 00204U 00000ABC 00001.00000000  .00000000  00000-0  00000+0 0    09
2 00204  87.9000  60.0000 0000001   0.0000  51.4286 13.16000000    06
OneWeb-synthetic 204
1 00205U 00000ABC 00001.00000000  .00000000  00000-0  00000+0 0    00
2 00205  87.9000  60.0000 0000001   0.0000  58.7755 13.16000000    08
OneWeb-synthetic 205
1 00206U 00000ABC 00001.00000000  .00000000  00000-0  00000+0 0    01
2 00206  87.9000  60.0000 0000001   0.0000  66.1224 13.16000000    03
OneWeb-synthetic 206
1 00207U 00000ABC 00001.00000000  .00000000  00000-0  00000+0 0    02
2 00207  87.9000  60.0000 0000001   0.0000  73.4694 13.16000000    06
OneWeb-synthetic 207
1 00208U 00000ABC 00001.00000000  .00000000  00000-0  00000+0 0    03
2 00208  87.9000  60.0000 0000001   0.0000  80.8163 13.16000000    00
OneWeb-synthetic 208
1 00209U 00000ABC 00001.00000000  .00000000  00000-0  00000+0 0    04
2 00209  87.9000  60.0000 0000001   0.0000  88.1633 13.16000000    04
OneWeb-synthetic 209
1 00210U 00000ABC 00001.00000000  .00000000  00000-0  00000+0 0    06
2 00210  87.9000  60.0000 0000001   0.0000  95.5102 13.16000000    09
OneWeb-synthetic 210
1 00211U 00000ABC 00001.00000000  .00000000  00000-0  00000+0 0    07
2 00211  87.9000  60.0000 0000001   0.0000 102.8571 13.16000000    02
OneWeb-synthetic 211
1 00212U 00000ABC 00001.00000000  .00000000  00000-0  00000+0 0    08
2 00212  87.9000  60.0000 0000001   0.0000 110.2041 13.16000000    08
OneWeb-synthetic 212
1 00213U 00000ABC 00001.00000000  .00000000  00000-0  00000+0 0    09
2 00213  87.9000  60.0000 0000001   0.0000 117.5510 13.16000000    00
OneWeb-synthetic 213
1 00214U 00000ABC 00001.00000000  .00000000  00000-0  00000+0 0    00
2 00214  87.9000  60.0000 0000001   0.0000 124.8980 13.16000000    03
OneWeb-synthetic 214
1 00215U 00000ABC 00001.00000000  .00000000  00000-0  00000+0 0    01
2 00215  87.9000  60.0000 0000001   0.0000 132.2449 13.16000000    07
OneWeb-synthetic 215
1 00216U 00000ABC 00001.00000000  .00000000  00000-0  00000+0 0    02
2 00216  87.9000  60.0000 0000001   0.0000 139.5918 13.16000000    09
OneWeb-synthetic 216
1 00217U 00000ABC 00001.00000000  .00000000  00000-0  00000+0 0    03
2 00217  87.9000  60.0000 0000001   0.0000 146.9388 13.16000000    03
OneWeb-synthetic 217
1 00218U 00000ABC 00001.00000000  .00000000  00000-0  00000+0 0    04
2 00218  87.9000  60.0000 0000001   0.0000 154.2857 13.16000000    07
OneWeb-synthetic 218
1 00219U 00000ABC 00001.00000000  .00000000  00000-0  00000+0 0    05
2 00219  87.9000  60.0000 0000001   0.0000 161.6327 13.16000000    02
OneWeb-synthetic 219
1 00220U 00000ABC 00001.00000000  .00000000  00000-0  00000+0 0    07
2 00220  87.9000  60.0000 0000001   0.0000 168.9796 13.16000000    04
OneWeb-synthetic 220
1 00221U 00000ABC 00001.00000000  .00000000  00000-0  00000+0 0    08
2 00221  87.9000  60.0000 0000001   0.0000 176.3265 13.16000000    09
OneWeb-synthetic 221
1 00222U 00000ABC 00001.00000000  .00000000  00000-0  00000+0 0    09
2 00222  87.9000  60.0000 0000001   0.0000 183.6735 13.16000000    03
OneWeb-synthetic 222
1 00223U 00000ABC 00001.00000000  .00000000  00000-0  00000+0 0    00
2 00223  87.9000  60.0000 0000001   0.0000 191.0204 13.16000000    08
OneWeb-synthetic 223
1 00224U 00000ABC 00001.00000000  .00000000  00000-0  00000+0 0    01
2 00224  87.9000  60.0000 0000001   0.0000 198.3673 13.16000000    09
OneWeb-synthetic 224
1 00225U 00000ABC 00001.00000000  .00000000  00000-0  00000+0 0    02
2 00225  87.9000  60.0000 0000001   0.0000 205.7143 13.16000000    05
OneWeb-synthetic 225
1 00226U 00000ABC 00001.00000000  .00000000  00000-0  00000+0 0    03
2 00226  87.9000  60.0000 0000001   0.0000 213.0612 13.16000000    09
OneWeb-synthetic 226
1 00227U 00000ABC 00001.00000000  .00000000  00000-0  00000+0 0    04
2 00227  87.9000  60.0000 0000001   0.0000 220.4082 13.16000000    03
OneWeb-synthetic 227
1 00228U 00000ABC 00001.00000000  .00000000  00000-0  00000+0 0    05
2 00228  87.9000  60.0000 0000001   0.0000 227.7551 13.16000000    05
OneWeb-synthetic 228
1 00229U 00000ABC 00001.00000000  .00000000  00000-0  00000+0 0    06
2 00229  87.9000  60.0000 0000001   0.0000 235.1020 13.16000000    00
OneWeb-synthetic 229
1 00230U 00000ABC 00001.00000000  .00000000  00000-0  00000+0 0    08
2 00230  87.9000  60.0000 0000001   0.0000 242.4490 13.16000000    04
OneWeb-synthetic 230
1 00231U 00000ABC 00001.00000000  .00000000  00000-0  00000+0 0    09
2 00231  87.9000  60.0000 0000001   0.0000 249.7959 13.16000000    05
OneWeb-synthetic 231
1 00232U 00000ABC 00001.00000000  .00000000  00000-0  00000+0 0    00
2 00232  87.9000  60.0000 0000001   0.0000 257.1429 13.16000000    01
OneWeb-synthetic 232
1 00233U 00000ABC 00001.00000000  .00000000  00000-0  00000+0 0    01
2 00233  87.9000  60.0000 0000001   0.0000 264.4898 13.16000000    03
OneWeb-synthetic 233
1 00234U 00000ABC 00001.00000000  .00000000  00000-0  00000+0 0    02
2 00234  87.9000  60.0000 0000001   0.0000 271.8367 13.16000000    07
OneWeb-synthetic 234
1 00235U 00000ABC 00001.00000000  .00000000  00000-0  00000+0 0    03
2 00235  87.9000  60.0000 0000001   0.0000 279.1837 13.16000000    01
OneWeb-synthetic 235
1 00236U 00000ABC 00001.00000000  .00000000  00000-0  00000+0 0    04
2 00236  87.9000  60.0000 0000001   0.0000 286.5306 13.16000000    05
OneWeb-synthetic 236
1 00237U 00000ABC 00001.00000000  .00000000  00000-0  00000+0 0    05
2 00237  87.9000  60.0000 0000001   0.0000 293.8776 13.16000000    08
OneWeb-synthetic 237
1 00238U 00000ABC 00001.00000000  .00000000  00000-0  00000+0 0    06
2 00238  87.9000  60.0000 0000001   0.0000 301.2245 13.16000000    04
OneWeb-synthetic 238
1 00239U 00000ABC 00001.00000000  .00000000  00000-0  00000+0 0    07
2 00239  87.9000  60.0000 0000001   0.0000 308.5714 13.16000000    06
OneWeb-synthetic 239
1 00240U 00000ABC 00001.00000000  .00000000  00000-0  00000+0 0    09
2 00240  87.9000  60.0000 0000001   0.0000 315.9184 13.16000000    01
OneWeb-synthetic 240
1 00241U 00000ABC 00001.00000000  .00000000  00000-0  00000+0 0    00
2 00241  87.9000  60.0000 0000001   0.0000 323.2653 13.16000000    05
OneWeb-synthetic 241
1 00242U 00000ABC 00001.00000000  .00000000  00000-0  00000+0 0    01
2 00242  87.9000  60.0000 0000001   0.0000 330.6122 13.16000000    09
OneWeb-synthetic 242
1 00243U 00000ABC 00001.00000000  .00000000  00000-0  00000+0 0    02
2 00243  87.9000  60.0000 0000001   0.0000 337.9592 13.16000000    01
OneWeb-synthetic 243
1 00244U 00000ABC 00001.00000000  .00000000  00000-0  00000+0 0    03
2 00244  87.9000  60.0000 0000001   0.0000 345.3061 13.16000000    06
OneWeb-synthetic 244
1 00245U 00000ABC 00001.00000000  .00000000  00000-0  00000+0 0    04
2 00245  87.9000  60.0000 0000001   0.0000 352.6531 13.16000000    00
OneWeb-synthetic 245
1 00246U 00000ABC 00001.00000000  .00000000  00000-0  00000+0 0    05
2 00246  87.9000  75.0000 0000001   0.0000   3.6735 13.16000000    06
OneWeb-synthetic 246
1 00247U 00000ABC 00001.00000000  .00000000  00000-0  00000+0 0    06
2 00247  87.9000  75.0000 0000001   0.0000  11.0204 13.16000000    01
OneWeb-synthetic 247
1 00248U 00000ABC 00001.00000000  .00000000  00000-0  00000+0 0    07
2 00248  87.9000  75.0000 0000001   0.0000  18.3673 13.16000000    02
OneWeb-synthetic 248
1 00249U 00000ABC 00001.00000000  .00000000  00000-0  00000+0 0    08
2 00249  87.9000  75.0000 0000001   0.0000  25.7143 13.16000000    07
OneWeb-synthetic 249
1 00250U 00000ABC 00001.00000000  .00000000  00000-0  00000+0 0    00
2 00250  87.9000  75.0000 0000001   0.0000  33.0612 13.16000000    02
OneWeb-synthetic 250
1 00251U 00000ABC 00001.00000000  .00000000  00000-0  00000+0 0    01
2 00251  87.9000  75.0000 0000001   0.0000  40.4082 13.16000000    06
OneWeb-synthetic 251
1 00252U 00000ABC 00001.00000000  .00000000  00000-0  00000+0 0    02
2 00252  87.9000  75.0000 0000001   0.0000  47.7551 13.16000000    08
OneWeb-synthetic 252
1 00253U 00000ABC 00001.00000000  .00000000  00000-0  00000+0 0    03
2 00253  87.9000  75.0000 0000001   0.0000  55.1020 13.16000000    03
OneWeb-synthetic 253
1 00254U 00000ABC 00001.00000000  .00000000  00000-0  00000+0 0    04
2 00254  87.9000  75.0000 0000001   0.0000  62.4490 13.16000000    06
OneWeb-synthetic 254
1 00255U 00000ABC 00001.00000000  .00000000  00000-0  00000+0 0    05
2 00255  87.9000  75.0000 0000001   0.0000  69.7959 13.16000000    07
OneWeb-synthetic 255
1 00256U 00000ABC 00001.00000000  .00000000  00000-0  00000+0 0    06
2 00256  87.9000  75.0000 0000001   0.0000  77.1429 13.16000000    03
OneWeb-synthetic 256
1 00257U 00000ABC 00001.00000000  .00000000  00000-0  00000+0 0    07
2 00257  87.9000  75.0000 0000001   0.0000  84.4898 13.16000000    05
OneWeb-synthetic 257
1 00258U 00000ABC 00001.00000000  .00000000  00000-0  00000+0 0    08
2 00258  87.9000  75.0000 0000001   0.0000  91.8367 13.16000000    09
OneWeb-synthetic 258
1 00259U 00000ABC 00001.00000000  .00000000  00000-0  00000+0 0    09
2 00259  87.9000  75.0000 0000001   0.0000  99.1837 13.16000000    03
OneWeb-synthetic 259
1 00260U 00000ABC 00001.00000000  .00000000  00000-0  00000+0 0    01
2 00260  87.9000  75.0000 0000001   0.0000 106.5306 13.16000000    09
OneWeb-synthetic 260
1 00261U 00000ABC 00001.00000000  .00000000  00000-0  00000+0 0    02
2 00261  87.9000  75.0000 0000001   0.0000 113.8776 13.16000000    02
OneWeb-synthetic 261
1 00262U 00000ABC 00001.00000000  .00000000  00000-0  00000+0 0    03
2 00262  87.9000  75.0000 0000001   0.0000 121.2245 13.16000000    07
OneWeb-synthetic 262
1 00263U 00000ABC 00001.00000000  .00000000  00000-0  00000+0 0    04
2 00263  87.9000  75.0000 0000001   0.0000 128.5714 13.16000000    09
OneWeb-synthetic 263
1 00264U 00000ABC 00001.00000000  .00000000  00000-0  00000+0 0    05
2 00264  87.9000  75.0000 0000001   0.0000 135.9184 13.16000000    03
OneWeb-synthetic 264
1 00265U 00000ABC 00001.00000000  .00000000  00000-0  00000+0 0    06
2 00265  87.9000  75.0000 0000001   0.0000 143.2653 13.16000000    07
OneWeb-synthetic 265
1 00266U 00000ABC 00001.00000000  .00000000  00000-0  00000+0 0    07
2 00266  87.9000  75.0000 0000001   0.0000 150.6122 13.16000000    01
OneWeb-synthetic 266
1 00267U 00000ABC 00001.00000000  .00000000  00000-0  00000+0 0    08
2 00267  87.9000  75.0000 0000001   0.0000 157.9592 13.16000000    03
OneWeb-synthetic 267
1 00268U 00000ABC 00001.00000000  .00000000  00000-0  00000+0 0    09
2 00268  87.9000  75.0000 0000001   0.0000 165.3061 13.16000000    08
OneWeb-synthetic 268
1 00269U 00000ABC 00001.00000000  .00000000  00000-0  00000+0 0    00
2 00269  87.9000  75.0000 0000001   0.0000 172.6531 13.16000000    02
OneWeb-synthetic 269
1 00270U 00000ABC 00001.00000000  .00000000  00000-0  00000+0 0    02
2 00270  87.9000  75.0000 0000001   0.0000 180.0000 13.16000000    08
OneWeb-synthetic 270
1 00271U 00000ABC 00001.00000000  .00000000  00000-0  00000+0 0    03
2 00271  87.9000  75.0000 0000001   0.0000 187.3469 13.16000000    08
OneWeb-synthetic 271
1 00272U 00000ABC 00001.00000000  .00000000  00000-0  00000+0 0    04
2 00272  87.9000  75.0000 0000001   0.0000 194.6939 13.16000000    02
OneWeb-synthetic 272
1 00273U 00000ABC 00001.00000000  .00000000  00000-0  00000+0 0    05
2 00273  87.9000  75.0000 0000001   0.0000 202.0408 13.16000000    08
OneWeb-synthetic 273
1 00274U 00000ABC 00001.00000000  .00000000  00000-0  00000+0 0    06
2 00274  87.9000  75.0000 0000001   0.0000 209.3878 13.16000000    00
OneWeb-synthetic 274
1 00275U 00000ABC 00001.00000000  .00000000  00000-0  00000+0 0    07
2 00275  87.9000  75.0000 0000001   0.0000 216.7347 13.16000000    04
OneWeb-synthetic 275
1 00276U 00000ABC 00001.00000000  .00000000  00000-0  00000+0 0    08
2 00276  87.9000  75.0000 0000001   0.0000 224.0816 13.16000000    08
OneWeb-synthetic 276
1 00277U 00000ABC 00001.00000000  .00000000  00000-0  00000+0 0    09
2 00277  87.9000  75.0000 0000001   0.0000 231.4286 13.16000000    02
OneWeb-synthetic 277
1 00278U 00000ABC 00001.00000000  .00000000  00000-0  00000+0 0    00
2 00278  87.9000  75.0000 0000001   0.0000 238.7755 13.16000000    04
OneWeb-synthetic 278
1 00279U 00000ABC 00001.00000000  .00000000  00000-0  00000+0 0    01
2 00279  87.9000  75.0000 0000001   0.0000 246.1224 13.16000000    09
OneWeb-synthetic 279
1 00280U 00000ABC 00001.00000000  .00000000  00000-0  00000+0 0    03
2 00280  87.9000  75.0000 0000001   0.0000 253.4694 13.16000000    03
OneWeb-synthetic 280
1 00281U 00000ABC 00001.00000000  .00000000  00000-0  00000+0 0    04
2 00281  87.9000  75.0000 0000001   0.0000 260.8163 13.16000000    07
OneWeb-synthetic 281
1 00282U 00000ABC 00001.00000000  .00000000  00000-0  00000+0 0    05
2 00282  87.9000  75.0000 0000001   0.0000 268.1633 13.16000000    01
OneWeb-synthetic 282
1 00283U 00000ABC 00001.00000000  .00000000  00000-0  00000+0 0    06
2 00283  87.9000  75.0000 0000001   0.0000 275.5102 13.16000000    05
OneWeb-synthetic 283
1 00284U 00000ABC 00001.00000000  .00000000  00000-0  00000+0 0    07
2 00284  87.9000  75.0000 0000001   0.0000 282.8571 13.16000000    07
OneWeb-synthetic 284
1 00285U 00000ABC 00001.00000000  .00000000  00000-0  00000+0 0    08
2 00285  87.9000  75.0000 0000001   0.0000 290.2041 13.16000000    03
OneWeb-synthetic 285
1 00286U 00000ABC 00001.00000000  .00000000  00000-0  00000+0 0    09
2 00286  87.9000  75.0000 0000001   0.0000 297.5510 13.16000000    05
OneWeb-synthetic 286
1 00287U 00000ABC 00001.00000000  .00000000  00000-0  00000+0 0    00
2 00287  87.9000  75.0000 0000001   0.0000 304.8980 13.16000000    09
OneWeb-synthetic 287
1 00288U 00000ABC 00001.00000000  .00000000  00000-0  00000+0 0    01
2 00288  87.9000  75.0000 0000001   0.0000 312.2449 13.16000000    03
OneWeb-synthetic 288
1 00289U 00000ABC 00001.00000000  .00000000  00000-0  00000+0 0    02
2 00289  87.9000  75.0000 0000001   0.0000 319.5918 13.16000000    05
OneWeb-synthetic 289
1 00290U 00000ABC 00001.00000000  .00000000  00000-0  00000+0 0    04
2 00290  87.9000  75.0000 0000001   0.0000 326.9388 13.16000000    00
OneWeb-synthetic 290
1 00291U 00000ABC 00001.00000000  .00000000  00000-0  00000+0 0    05
2 00291  87.9000  75.0000 0000001   0.0000 334.2857 13.16000000    04
OneWeb-synthetic 291
1 00292U 00000ABC 00001.00000000  .00000000  00000-0  00000+0 0    06
2 00292  87.9000  75.0000 0000001   0.0000 341.6327 13.16000000    09
OneWeb-synthetic 292
1 00293U 00000ABC 00001.00000000  .00000000  00000-0  00000+0 0    07
2 00293  87.9000  75.0000 0000001   0.0000 348.9796 13.16000000    00
OneWeb-synthetic 293
1 00294U 00000ABC 00001.00000000  .00000000  00000-0  00000+0 0    08
2 00294  87.9000  75.0000 0000001   0.0000 356.3265 13.16000000    05
OneWeb-synthetic 294
1 00295U 00000ABC 00001.00000000  .00000000  00000-0  00000+0 0    09
2 00295  87.9000  90.0000 0000001   0.0000   0.0000 13.16000000    03
OneWeb-synthetic 295
1 00296U 00000ABC 00001.00000000  .00000000  00000-0  00000+0 0    00
2 00296  87.9000  90.0000 0000001   0.0000   7.3469 13.16000000    03
OneWeb-synthetic 296
1 00297U 00000ABC 00001.00000000  .00000000  00000-0  00000+0 0    01
2 00297  87.9000  90.0000 0000001   0.0000  14.6939 13.16000000    07
OneWeb-synthetic 297
1 00298U 00000ABC 00001.00000000  .00000000  00000-0  00000+0 0    02
2 00298  87.9000  90.0000 0000001   0.0000  22.0408 13.16000000    02
OneWeb-synthetic 298
1 00299U 00000ABC 00001.00000000  .00000000  00000-0  00000+0 0    03
2 00299  87.9000  90.0000 0000001   0.0000  29.3878 13.16000000    04
OneWeb-synthetic 299
1 00300U 00000ABC 00001.00000000  .00000000  00000-0  00000+0 0    06
2 00300  87.9000  90.0000 0000001   0.0000  36.7347 13.16000000    00
OneWeb-synthetic 300
1 00301U 00000ABC 00001.00000000  .00000000  00000-0  00000+0 0    07
2 00301  87.9000  90.0000 0000001   0.0000  44.0816 13.16000000    04
OneWeb-synthetic 301
1 00302U 00000ABC 00001.00000000  .00000000  00000-0  00000+0 0    08
2 00302  87.9000  90.0000 0000001   0.0000  51.4286 13.16000000    08
OneWeb-synthetic 302
1 00303U 00000ABC 00001.00000000  .00000000  00000-0  00000+0 0    09
2 00303  87.9000  90.0000 0000001   0.0000  58.7755 13.16000000    00
OneWeb-synthetic 303
1 00304U 00000ABC 00001.00000000  .00000000  00000-0  00000+0 0    00
2 00304  87.9000  90.0000 0000001   0.0000  66.1224 13.16000000    05
OneWeb-synthetic 304
1 00305U 00000ABC 00001.00000000  .00000000  00000-0  00000+0 0    01
2 00305  87.9000  90.0000 0000001   0.0000  73.4694 13.16000000    08
OneWeb-synthetic 305
1 00306U 00000ABC 00001.00000000  .00000000  00000-0  00000+0 0    02
2 00306  87.9000  90.0000 0000001   0.0000  80.8163 13.16000000    02
OneWeb-synthetic 306
1 00307U 00000ABC 00001.00000000  .00000000  00000-0  00000+0 0    03
2 00307  87.9000  90.0000 0000001   0.0000  88.1633 13.16000000    06
OneWeb-synthetic 307
1 00308U 00000ABC 00001.00000000  .00000000  00000-0  00000+0 0    04
2 00308  87.9000  90.0000 0000001   0.0000  95.5102 13.16000000    00
OneWeb-synthetic 308
1 00309U 00000ABC 00001.00000000  .00000000  00000-0  00000+0 0    05
2 00309  87.9000  90.0000 0000001   0.0000 102.8571 13.16000000    03
OneWeb-synthetic 309
1 00310U 00000ABC 00001.00000000  .00000000  00000-0  00000+0 0    07
2 00310  87.9000  90.0000 0000001   0.0000 110.2041 13.16000000    00
OneWeb-synthetic 310
1 00311U 00000ABC 00001.00000000  .00000000  00000-0  00000+0 0    08
2 00311  87.9000  90.0000 0000001   0.0000 117.5510 13.16000000    02
OneWeb-synthetic 311
1 00312U 00000ABC 00001.00000000  .00000000  00000-0  00000+0 0    09
2 00312  87.9000  90.0000 0000001   0.0000 124.8980 13.16000000    05
OneWeb-synthetic 312
1 00313U 00000ABC 00001.00000000  .00000000  00000-0  00000+0 0    00
2 00313  87.9000  90.0000 0000001   0.0000 132.2449 13.16000000    09
OneWeb-synthetic 313
1 00314U 00000ABC 00001.00000000  .00000000  00000-0  00000+0 0    01
2 00314  87.9000  90.0000 0000001   0.0000 139.5918 13.16000000    01
OneWeb-synthetic 314
1 00315U 00000ABC 00001.00000000  .00000000  00000-0  00000+0 0    02
2 00315  87.9000  90.0000 0000001   0.0000 146.9388 13.16000000    05
OneWeb-synthetic 315
1 00316U 00000ABC 00001.00000000  .00000000  00000-0  00000+0 0    03
2 00316  87.9000  90.0000 0000001   0.0000 154.2857 13.16000000    09
OneWeb-synthetic 316
1 00317U 00000ABC 00001.00000000  .00000000  00000-0  00000+0 0    04
2 00317  87.9000  90.0000 0000001   0.0000 161.6327 13.16000000    04
OneWeb-synthetic 317
1 00318U 00000ABC 00001.00000000  .00000000  00000-0  00000+0 0    05
2 00318  87.9000  90.0000 0000001   0.0000 168.9796 13.16000000    05
OneWeb-synthetic 318
1 00319U 00000ABC 00001.00000000  .00000000  00000-0  00000+0 0    06
2 00319  87.9000  90.0000 0000001   0.0000 176.3265 13.16000000    00
OneWeb-synthetic 319
1 00320U 00000ABC 00001.00000000  .00000000  00000-0  00000+0 0    08
2 00320  87.9000  90.0000 0000001   0.0000 183.6735 13.16000000    05
OneWeb-synthetic 320
1 00321U 00000ABC 00001.00000000  .00000000  00000-0  00000+0 0    09
2 00321  87.9000  90.0000 0000001   0.0000 191.0204 13.16000000    00
OneWeb-synthetic 321
1 00322U 00000ABC 00001.00000000  .00000000  00000-0  00000+0 0    00
2 00322  87.9000  90.0000 0000001   0.0000 198.3673 13.16000000    01
OneWeb-synthetic 322
1 00323U 00000ABC 00001.00000000  .00000000  00000-0  00000+0 0    01
2 00323  87.9000  90.0000 0000001   0.0000 205.7143 13.16000000    07
OneWeb-synthetic 323
1 00324U 00000ABC 00001.00000000  .00000000  00000-0  00000+0 0    02
2 00324  87.9000  90.0000 0000001   0.0000 213.0612 13.16000000    01
OneWeb-synthetic 324
1 00325U 00000ABC 00001.00000000  .00000000  00000-0  00000+0 0    03
2 00325  87.9000  90.0000 0000001   0.0000 220.4082 13.16000000    05
OneWeb-synthetic 325
1 00326U 00000ABC 00001.00000000  .00000000  00000-0  00000+0 0    04
2 00326  87.9000  90.0000 0000001   0.0000 227.7551 13.16000000    07
OneWeb-synthetic 326
1 00327U 00000ABC 00001.00000000  .00000000  00000-0  00000+0 0    05
2 00327  87.9000  90.0000 0000001   0.0000 235.1020 13.16000000    02
OneWeb-synthetic 327
1 00328U 00000ABC 00001.00000000  .00000000  00000-0  00000+0 0    06
2 00328  87.9000  90.0000 0000001   0.0000 242.4490 13.16000000    05
OneWeb-synthetic 328
1 00329U 00000ABC 00001.00000000  .00000000  00000-0  00000+0 0    07
2 00329  87.9000  90.0000 0000001   0.0000 249.7959 13.16000000    06
OneWeb-synthetic 329
1 00330U 00000ABC 00001.00000000  .00000000  00000-0  00000+0 0    09
2 00330  87.9000  90.0000 0000001   0.0000 257.1429 13.16000000    03
OneWeb-synthetic 330
1 00331U 00000ABC 00001.00000000  .00000000  00000-0  00000+0 0    00
2 00331  87.9000  90.0000 0000001   0.0000 264.4898 13.16000000    05
OneWeb-synthetic 331
1 00332U 00000ABC 00001.00000000  .00000000  00000-0  00000+0 0    01
2 00332  87.9000  90.0000 0000001   0.0000 271.8367 13.16000000    09
OneWeb-synthetic 332
1 00333U 00000ABC 00001.00000000  .00000000  00000-0  00000+0 0    02
2 00333  87.9000  90.0000 0000001   0.0000 279.1837 13.16000000    03
OneWeb-synthetic 333
1 00334U 00000ABC 00001.00000000  .00000000  00000-0  00000+0 0    03
2 00334  87.9000  90.0000 0000001   0.0000 286.5306 13.16000000    07
OneWeb-synthetic 334
1 00335U 00000ABC 00001.00000000  .00000000  00000-0  00000+0 0    04
2 00335  87.9000  90.0000 0000001   0.0000 293.8776 13.16000000    00
OneWeb-synthetic 335
1 00336U 00000ABC 00001.00000000  .00000000  00000-0  00000+0 0    05
2 00336  87.9000  90.0000 0000001   0.0000 301.2245 13.16000000    06
OneWeb-synthetic 336
1 00337U 00000ABC 00001.00000000  .00000000  00000-0  00000+0 0    06
2 00337  87.9000  90.0000 0000001   0.0000 308.5714 13.16000000    08
OneWeb-synthetic 337
1 00338U 00000ABC 00001.00000000  .00000000  00000-0  00000+0 0    07
2 00338  87.9000  90.0000 0000001   0.0000 315.9184 13.16000000    02
OneWeb-synthetic 338
1 00339U 00000ABC 00001.00000000  .00000000  00000-0  00000+0 0    08
2 00339  87.9000  90.0000 0000001   0.0000 323.2653 13.16000000    06
OneWeb-synthetic 339
1 00340U 00000ABC 00001.00000000  .00000000  00000-0  00000+0 0    00
2 00340  87.9000  90.0000 0000001   0.0000 330.6122 13.16000000    01
OneWeb-synthetic 340
1 00341U 00000ABC 00001.00000000  .00000000  00000-0  00000+0 0    01
2 00341  87.9000  90.0000 0000001   0.0000 337.9592 13.16000000    03
OneWeb-synthetic 341
1 00342U 00000ABC 00001.00000000  .00000000  00000-0  00000+0 0    02
2 00342  87.9000  90.0000 0000001   0.0000 345.3061 13.16000000    08
OneWeb-synthetic 342
1 00343U 00000ABC 00001.00000000  .00000000  00000-0  00000+0 0    03
2 00343  87.9000  90.0000 0000001   0.0000 352.6531 13.16000000    02
OneWeb-synthetic 343
1 00344U 00000ABC 00001.00000000  .00000000  00000-0  00000+0 0    04
2 00344  87.9000 105.0000 0000001   0.0000   3.6735 13.16000000    09
OneWeb-synthetic 344
1 00345U 00000ABC 00001.00000000  .00000000  00000-0  00000+0 0    05
2 00345  87.9000 105.0000 0000001   0.0000  11.0204 13.16000000    04
OneWeb-synthetic 345
1 00346U 00000ABC 00001.00000000  .00000000  00000-0  00000+0 0    06
2 00346  87.9000 105.0000 0000001   0.0000  18.3673 13.16000000    05
OneWeb-synthetic 346
1 00347U 00000ABC 00001.00000000  .00000000  00000-0  00000+0 0    07
2 00347  87.9000 105.0000 0000001   0.0000  25.7143 13.16000000    00
OneWeb-synthetic 347
1 00348U 00000ABC 00001.00000000  .00000000  00000-0  00000+0 0    08
2 00348  87.9000 105.0000 0000001   0.0000  33.0612 13.16000000    04
OneWeb-synthetic 348
1 00349U 00000ABC 00001.00000000  .00000000  00000-0  00000+0 0    09
2 00349  87.9000 105.0000 0000001   0.0000  40.4082 13.16000000    08
OneWeb-synthetic 349
1 00350U 00000ABC 00001.00000000  .00000000  00000-0  00000+0 0    01
2 00350  87.9000 105.0000 0000001   0.0000  47.7551 13.16000000    01
OneWeb-synthetic 350
1 00351U 00000ABC 00001.00000000  .00000000  00000-0  00000+0 0    02
2 00351  87.9000 105.0000 0000001   0.0000  55.1020 13.16000000    06
OneWeb-synthetic 351
1 00352U 00000ABC 00001.00000000  .00000000  00000-0  00000+0 0    03
2 00352  87.9000 105.0000 0000001   0.0000  62.4490 13.16000000    09
OneWeb-synthetic 352
1 00353U 00000ABC 00001.00000000  .00000000  00000-0  00000+0 0    04
2 00353  87.9000 105.0000 0000001   0.0000  69.7959 13.16000000    00
OneWeb-synthetic 353
1 00354U 00000ABC 00001.00000000  .00000000  00000-0  00000+0 0    05
2 00354  87.9000 105.0000 0000001   0.0000  77.1429 13.16000000    06
OneWeb-synthetic 354
1 00355U 00000ABC 00001.00000000  .00000000  00000-0  00000+0 0    06
2 00355  87.9000 105.0000 0000001   0.0000  84.4898 13.16000000    08
OneWeb-synthetic 355
1 00356U 00000ABC 00001.00000000  .00000000  00000-0  00000+0 0    07
2 00356  87.9000 105.0000 0000001   0.0000  91.8367 13.16000000    02
OneWeb-synthetic 356
1 00357U 00000ABC 00001.00000000  .00000000  00000-0  00000+0 0    08
2 00357  87.9000 105.0000 0000001   0.0000  99.1837 13.16000000    06
OneWeb-synthetic 357
1 00358U 00000ABC 00001.00000000  .00000000  00000-0  00000+0 0    09
2 00358  87.9000 105.0000 0000001   0.0000 106.5306 13.16000000    01
OneWeb-synthetic 358
1 00359U 00000ABC 00001.00000000  .00000000  00000-0  00000+0 0    00
2 00359  87.9000 105.0000 0000001   0.0000 113.8776 13.16000000    04
OneWeb-synthetic 359
1 00360U 00000ABC 00001.00000000  .00000000  00000-0  00000+0 0    02
2 00360  87.9000 105.0000 0000001   0.0000 121.2245 13.16000000    00
OneWeb-synthetic 360
1 00361U 00000ABC 00001.00000000  .00000000  00000-0  00000+0 0    03
2 00361  87.9000 105.0000 0000001   0.0000 128.5714 13.16000000    02
OneWeb-synthetic 361
1 00362U 00000ABC 00001.00000000  .00000000  00000-0  00000+0 0    04
2 00362  87.9000 105.0000 0000001   0.0000 135.9184 13.16000000    06
OneWeb-synthetic 362
1 00363U 00000ABC 00001.00000000  .00000000  00000-0  00000+0 0    05
2 00363  87.9000 105.0000 0000001   0.0000 143.2653 13.16000000    00
OneWeb-synthetic 363
1 00364U 00000ABC 00001.00000000  .00000000  00000-0  00000+0 0    06
2 00364  87.9000 105.0000 0000001   0.0000 150.6122 13.16000000    04
OneWeb-synthetic 364
1 00365U 00000ABC 00001.00000000  .00000000  00000-0  00000+0 0    07
2 00365  87.9000 105.0000 0000001   0.0000 157.9592 13.16000000    06
OneWeb-synthetic 365
1 00366U 00000ABC 00001.00000000  .00000000  00000-0  00000+0 0    08
2 00366  87.9000 105.0000 0000001   0.0000 165.3061 13.16000000    01
OneWeb-synthetic 366
1 00367U 00000ABC 00001.00000000  .00000000  00000-0  00000+0 0    09
2 00367  87.9000 105.0000 0000001   0.0000 172.6531 13.16000000    05
OneWeb-synthetic 367
1 00368U 00000ABC 00001.00000000  .00000000  00000-0  00000+0 0    00
2 00368  87.9000 105.0000 0000001   0.0000 180.0000 13.16000000    00
OneWeb-synthetic 368
1 00369U 00000ABC 00001.00000000  .00000000  00000-0  00000+0 0    01
2 00369  87.9000 105.0000 0000001   0.0000 187.3469 13.16000000    00
OneWeb-synthetic 369
1 00370U 00000ABC 00001.00000000  .00000000  00000-0  00000+0 0    03
2 00370  87.9000 105.0000 0000001   0.0000 194.6939 13.16000000    05
OneWeb-synthetic 370
1 00371U 00000ABC 00001.00000000  .00000000  00000-0  00000+0 0    04
2 00371  87.9000 105.0000 0000001   0.0000 202.0408 13.16000000    01
OneWeb-synthetic 371
1 00372U 00000ABC 00001.00000000  .00000000  00000-0  00000+0 0    05
2 00372  87.9000 105.0000 0000001   0.0000 209.3878 13.16000000    03
OneWeb-synthetic 372
1 00373U 00000ABC 00001.00000000  .00000000  00000-0  00000+0 0    06
2 00373  87.9000 105.0000 0000001   0.0000 216.7347 13.16000000    07
OneWeb-synthetic 373
1 00374U 00000ABC 00001.00000000  .00000000  00000-0  00000+0 0    07
2 00374  87.9000 105.0000 0000001   0.0000 224.0816 13.16000000    01
OneWeb-synthetic 374
1 00375U 00000ABC 00001.00000000  .00000000  00000-0  00000+0 0    08
2 00375  87.9000 105.0000 0000001   0.0000 231.4286 13.16000000    05
OneWeb-synthetic 375
1 00376U 00000ABC 00001.00000000  .00000000  00000-0  00000+0 0    09
2 00376  87.9000 105.0000 0000001   0.0000 238.7755 13.16000000    07
OneWeb-synthetic 376
1 00377U 00000ABC 00001.00000000  .00000000  00000-0  00000+0 0    00
2 00377  87.9000 105.0000 0000001   0.0000 246.1224 13.16000000    02
OneWeb-synthetic 377
1 00378U 00000ABC 00001.00000000  .00000000  00000-0  00000+0 0    01
2 00378  87.9000 105.0000 0000001   0.0000 253.4694 13.16000000    05
OneWeb-synthetic 378
1 00379U 00000ABC 00001.00000000  .00000000  00000-0  00000+0 0    02
2 00379  87.9000 105.0000 0000001   0.0000 260.8163 13.16000000    09
OneWeb-synthetic 379
1 00380U 00000ABC 00001.00000000  .00000000  00000-0  00000+0 0    04
2 00380  87.9000 105.0000 0000001   0.0000 268.1633 13.16000000    04
OneWeb-synthetic 380
1 00381U 00000ABC 00001.00000000  .00000000  00000-0  00000+0 0    05
2 00381  87.9000 105.0000 0000001   0.0000 275.5102 13.16000000    08
OneWeb-synthetic 381
1 00382U 00000ABC 00001.00000000  .00000000  00000-0  00000+0 0    06
2 00382  87.9000 105.0000 0000001   0.0000 282.8571 13.16000000    00
OneWeb-synthetic 382
1 00383U 00000ABC 00001.00000000  .00000000  00000-0  00000+0 0    07
2 00383  87.9000 105.0000 0000001   0.0000 290.2041 13.16000000    06
OneWeb-synthetic 383
1 00384U 00000ABC 00001.00000000  .00000000  00000-0  00000+0 0    08
2 00384  87.9000 105.0000 0000001   0.0000 297.5510 13.16000000    08
OneWeb-synthetic 384
1 00385U 00000ABC 00001.00000000  .00000000  00000-0  00000+0 0    09
2 00385  87.9000 105.0000 0000001   0.0000 304.8980 13.16000000    02
OneWeb-synthetic 385
1 00386U 00000ABC 00001.00000000  .00000000  00000-0  00000+0 0    00
2 00386  87.9000 105.0000 0000001   0.0000 312.2449 13.16000000    06
OneWeb-synthetic 386
1 00387U 00000ABC 00001.00000000  .00000000  00000-0  00000+0 0    01
2 00387  87.9000 105.0000 0000001   0.0000 319.5918 13.16000000    08
OneWeb-synthetic 387
1 00388U 00000ABC 00001.00000000  .00000000  00000-0  00000+0 0    02
2 00388  87.9000 105.0000 0000001   0.0000 326.9388 13.16000000    02
OneWeb-synthetic 388
1 00389U 00000ABC 00001.00000000  .00000000  00000-0  00000+0 0    03
2 00389  87.9000 105.0000 0000001   0.0000 334.2857 13.16000000    06
OneWeb-synthetic 389
1 00390U 00000ABC 00001.00000000  .00000000  00000-0  00000+0 0    05
2 00390  87.9000 105.0000 0000001   0.0000 341.6327 13.16000000    02
OneWeb-synthetic 390
1 00391U 00000ABC 00001.00000000  .00000000  00000-0  00000+0 0    06
2 00391  87.9000 105.0000 0000001   0.0000 348.9796 13.16000000    03
OneWeb-synthetic 391
1 00392U 00000ABC 00001.00000000  .00000000  00000-0  00000+0 0    07
2 00392  87.9000 105.0000 0000001   0.0000 356.3265 13.16000000    08
OneWeb-synthetic 392
1 00393U 00000ABC 00001.00000000  .00000000  00000-0  00000+0 0    08
2 00393  87.9000 120.0000 0000001   0.0000   0.0000 13.16000000    06
OneWeb-synthetic 393
1 00394U 00000ABC 00001.00000000  .00000000  00000-0  00000+0 0    09
2 00394  87.9000 120.0000 0000001   0.0000   7.3469 13.16000000    06
OneWeb-synthetic 394
1 00395U 00000ABC 00001.00000000  .00000000  00000-0  00000+0 0    00
2 00395  87.9000 120.0000 0000001   0.0000  14.6939 13.16000000    00
OneWeb-synthetic 395
1 00396U 00000ABC 00001.00000000  .00000000  00000-0  00000+0 0    01
2 00396  87.9000 120.0000 0000001   0.0000  22.0408 13.16000000    05
OneWeb-synthetic 396
1 00397U 00000ABC 00001.00000000  .00000000  00000-0  00000+0 0    02
2 00397  87.9000 120.0000 0000001   0.0000  29.3878 13.16000000    07
OneWeb-synthetic 397
1 00398U 00000ABC 00001.00000000  .00000000  00000-0  00000+0 0    03
2 00398  87.9000 120.0000 0000001   0.0000  36.7347 13.16000000    01
OneWeb-synthetic 398
1 00399U 00000ABC 00001.00000000  .00000000  00000-0  00000+0 0    04
2 00399  87.9000 120.0000 0000001   0.0000  44.0816 13.16000000    05
OneWeb-synthetic 399
1 00400U 00000ABC 00001.00000000  .00000000  00000-0  00000+0 0    07
2 00400  87.9000 120.0000 0000001   0.0000  51.4286 13.16000000    01
OneWeb-synthetic 400
1 00401U 00000ABC 00001.00000000  .00000000  00000-0  00000+0 0    08
2 00401  87.9000 120.0000 0000001   0.0000  58.7755 13.16000000    03
OneWeb-synthetic 401
1 00402U 00000ABC 00001.00000000  .00000000  00000-0  00000+0 0    09
2 00402  87.9000 120.0000 0000001   0.0000  66.1224 13.16000000    08
OneWeb-synthetic 402
1 00403U 00000ABC 00001.00000000  .00000000  00000-0  00000+0 0    00
2 00403  87.9000 120.0000 0000001   0.0000  73.4694 13.16000000    01
OneWeb-synthetic 403
1 00404U 00000ABC 00001.00000000  .00000000  00000-0  00000+0 0    01
2 00404  87.9000 120.0000 0000001   0.0000  80.8163 13.16000000    05
OneWeb-synthetic 404
1 00405U 00000ABC 00001.00000000  .00000000  00000-0  00000+0 0    02
2 00405  87.9000 120.0000 0000001   0.0000  88.1633 13.16000000    09
OneWeb-synthetic 405
1 00406U 00000ABC 00001.00000000  .00000000  00000-0  00000+0 0    03
2 00406  87.9000 120.0000 0000001   0.0000  95.5102 13.16000000    03
OneWeb-synthetic 406
1 00407U 00000ABC 00001.00000000  .00000000  00000-0  00000+0 0    04
2 00407  87.9000 120.0000 0000001   0.0000 102.8571 13.16000000    06
OneWeb-synthetic 407
1 00408U 00000ABC 00001.00000000  .00000000  00000-0  00000+0 0    05
2 00408  87.9000 120.0000 0000001   0.0000 110.2041 13.16000000    02
OneWeb-synthetic 408
1 00409U 00000ABC 00001.00000000  .00000000  00000-0  00000+0 0    06
2 00409  87.9000 120.0000 0000001   0.0000 117.5510 13.16000000    04
OneWeb-synthetic 409
1 00410U 00000ABC 00001.00000000  .00000000  00000-0  00000+0 0    08
2 00410  87.9000 120.0000 0000001   0.0000 124.8980 13.16000000    08
OneWeb-synthetic 410
1 00411U 00000ABC 00001.00000000  .00000000  00000-0  00000+0 0    09
2 00411  87.9000 120.0000 0000001   0.0000 132.2449 13.16000000    02
OneWeb-synthetic 411
1 00412U 00000ABC 00001.00000000  .00000000  00000-0  00000+0 0    00
2 00412  87.9000 120.0000 0000001   0.0000 139.5918 13.16000000    04
OneWeb-synthetic 412
1 00413U 00000ABC 00001.00000000  .00000000  00000-0  00000+0 0    01
2 00413  87.9000 120.0000 0000001   0.0000 146.9388 13.16000000    08
OneWeb-synthetic 413
1 00414U 00000ABC 00001.00000000  .00000000  00000-0  00000+0 0    02
2 00414  87.9000 120.0000 0000001   0.0000 154.2857 13.16000000    02
OneWeb-synthetic 414
1 00415U 00000ABC 00001.00000000  .00000000  00000-0  00000+0 0    03
2 00415  87.9000 120.0000 0000001   0.0000 161.6327 13.16000000    07
OneWeb-synthetic 415
1 00416U 00000ABC 00001.00000000  .00000000  00000-0  00000+0 0    04
2 00416  87.9000 120.0000 0000001   0.0000 168.9796 13.16000000    08
OneWeb-synthetic 416
1 00417U 00000ABC 00001.00000000  .00000000  00000-0  00000+0 0    05
2 00417  87.9000 120.0000 0000001   0.0000 176.3265 13.16000000    03
OneWeb-synthetic 417
1 00418U 00000ABC 00001.00000000  .00000000  00000-0  00000+0 0    06
2 00418  87.9000 120.0000 0000001   0.0000 183.6735 13.16000000    07
OneWeb-synthetic 418
1 00419U 00000ABC 00001.00000000  .00000000  00000-0  00000+0 0    07
2 00419  87.9000 120.0000 0000001   0.0000 191.0204 13.16000000    02
OneWeb-synthetic 419
1 00420U 00000ABC 00001.00000000  .00000000  00000-0  00000+0 0    09
2 00420  87.9000 120.0000 0000001   0.0000 198.3673 13.16000000    04
OneWeb-synthetic 420
1 00421U 00000ABC 00001.00000000  .00000000  00000-0  00000+0 0    00
2 00421  87.9000 120.0000 0000001   0.0000 205.7143 13.16000000    00
OneWeb-synthetic 421
1 00422U 00000ABC 00001.00000000  .00000000  00000-0  00000+0 0    01
2 00422  87.9000 120.0000 0000001   0.0000 213.0612 13.16000000    04
OneWeb-synthetic 422
1 00423U 00000ABC 00001.00000000  .00000000  00000-0  00000+0 0    02
2 00423  87.9000 120.0000 0000001   0.0000 220.4082 13.16000000    08
OneWeb-synthetic 423
1 00424U 00000ABC 00001.00000000  .00000000  00000-0  00000+0 0    03
2 00424  87.9000 120.0000 0000001   0.0000 227.7551 13.16000000    00
OneWeb-synthetic 424
1 00425U 00000ABC 00001.00000000  .00000000  00000-0  00000+0 0    04
2 00425  87.9000 120.0000 0000001   0.0000 235.1020 13.16000000    05
OneWeb-synthetic 425
1 00426U 00000ABC 00001.00000000  .00000000  00000-0  00000+0 0    05
2 00426  87.9000 120.0000 0000001   0.0000 242.4490 13.16000000    08
OneWeb-synthetic 426
1 00427U 00000ABC 00001.00000000  .00000000  00000-0  00000+0 0    06
2 00427  87.9000 120.0000 0000001   0.0000 249.7959 13.16000000    09
OneWeb-synthetic 427
1 00428U 00000ABC 00001.00000000  .00000000  00000-0  00000+0 0    07
2 00428  87.9000 120.0000 0000001   0.0000 257.1429 13.16000000    05
OneWeb-synthetic 428
1 00429U 00000ABC 00001.00000000  .00000000  00000-0  00000+0 0    08
2 00429  87.9000 120.0000 0000001   0.0000 264.4898 13.16000000    07
OneWeb-synthetic 429
1 00430U 00000ABC 00001.00000000  .00000000  00000-0  00000+0 0    00
2 00430  87.9000 120.0000 0000001   0.0000 271.8367 13.16000000    02
OneWeb-synthetic 430
1 00431U 00000ABC 00001.00000000  .00000000  00000-0  00000+0 0    01
2 00431  87.9000 120.0000 0000001   0.0000 279.1837 13.16000000    06
OneWeb-synthetic 431
1 00432U 00000ABC 00001.00000000  .00000000  00000-0  00000+0 0    02
2 00432  87.9000 120.0000 0000001   0.0000 286.5306 13.16000000    00
OneWeb-synthetic 432
1 00433U 00000ABC 00001.00000000  .00000000  00000-0  00000+0 0    03
2 00433  87.9000 120.0000 0000001   0.0000 293.8776 13.16000000    03
OneWeb-synthetic 433
1 00434U 00000ABC 00001.00000000  .00000000  00000-0  00000+0 0    04
2 00434  87.9000 120.0000 0000001   0.0000 301.2245 13.16000000    09
OneWeb-synthetic 434
1 00435U 00000ABC 00001.00000000  .00000000  00000-0  00000+0 0    05
2 00435  87.9000 120.0000 0000001   0.0000 308.5714 13.16000000    01
OneWeb-synthetic 435
1 00436U 00000ABC 00001.00000000  .00000000  00000-0  00000+0 0    06
2 00436  87.9000 120.0000 0000001   0.0000 315.9184 13.16000000    05
OneWeb-synthetic 436
1 00437U 00000ABC 00001.00000000  .00000000  00000-0  00000+0 0    07
2 00437  87.9000 120.0000 0000001   0.0000 323.2653 13.16000000    09
OneWeb-synthetic 437
1 00438U 00000ABC 00001.00000000  .00000000  00000-0  00000+0 0    08
2 00438  87.9000 120.0000 0000001   0.0000 330.6122 13.16000000    03
OneWeb-synthetic 438
1 00439U 00000ABC 00001.00000000  .00000000  00000-0  00000+0 0    09
2 00439  87.9000 120.0000 0000001   0.0000 337.9592 13.16000000    05
OneWeb-synthetic 439
1 00440U 00000ABC 00001.00000000  .00000000  00000-0  00000+0 0    01
2 00440  87.9000 120.0000 0000001   0.0000 345.3061 13.16000000    01
OneWeb-synthetic 440
1 00441U 00000ABC 00001.00000000  .00000000  00000-0  00000+0 0    02
2 00441  87.9000 120.0000 0000001   0.0000 352.6531 13.16000000    05
OneWeb-synthetic 441
1 00442U 00000ABC 00001.00000000  .00000000  00000-0  00000+0 0    03
2 00442  87.9000 135.0000 0000001   0.0000   3.6735 13.16000000    01
OneWeb-synthetic 442
1 00443U 00000ABC 00001.00000000  .00000000  00000-0  00000+0 0    04
2 00443  87.9000 135.0000 0000001   0.0000  11.0204 13.16000000    06
OneWeb-synthetic 443
1 00444U 00000ABC 00001.00000000  .00000000  00000-0  00000+0 0    05
2 00444  87.9000 135.0000 0000001   0.0000  18.3673 13.16000000    07
OneWeb-synthetic 444
1 00445U 00000ABC 00001.00000000  .00000000  00000-0  00000+0 0    06
2 00445  87.9000 135.0000 0000001   0.0000  25.7143 13.16000000    02
OneWeb-synthetic 445
1 00446U 00000ABC 00001.00000000  .00000000  00000-0  00000+0 0    07
2 00446  87.9000 135.0000 0000001   0.0000  33.0612 13.16000000    06
OneWeb-synthetic 446
1 00447U 00000ABC 00001.00000000  .00000000  00000-0  00000+0 0    08
2 00447  87.9000 135.0000 0000001   0.0000  40.4082 13.16000000    00
OneWeb-synthetic 447
1 00448U 00000ABC 00001.00000000  .00000000  00000-0  00000+0 0    09
2 00448  87.9000 135.0000 0000001   0.0000  47.7551 13.16000000    02
OneWeb-synthetic 448
1 00449U 00000ABC 00001.00000000  .00000000  00000-0  00000+0 0    00
2 00449  87.9000 135.0000 0000001   0.0000  55.1020 13.16000000    07
OneWeb-synthetic 449
1 00450U 00000ABC 00001.00000000  .00000000  00000-0  00000+0 0    02
2 00450  87.9000 135.0000 0000001   0.0000  62.4490 13.16000000    01
OneWeb-synthetic 450
1 00451U 00000ABC 00001.00000000  .00000000  00000-0  00000+0 0    03
2 00451  87.9000 135.0000 0000001   0.0000  69.7959 13.16000000    02
OneWeb-synthetic 451
1 00452U 00000ABC 00001.00000000  .00000000  00000-0  00000+0 0    04
2 00452  87.9000 135.0000 0000001   0.0000  77.1429 13.16000000    08
OneWeb-synthetic 452
1 00453U 00000ABC 00001.00000000  .00000000  00000-0  00000+0 0    05
2 00453  87.9000 135.0000 0000001   0.0000  84.4898 13.16000000    00
OneWeb-synthetic 453
1 00454U 00000ABC 00001.00000000  .00000000  00000-0  00000+0 0    06
2 00454  87.9000 135.0000 0000001   0.0000  91.8367 13.16000000    04
OneWeb-synthetic 454
1 00455U 00000ABC 00001.00000000  .00000000  00000-0  00000+0 0    07
2 00455  87.9000 135.0000 0000001   0.0000  99.1837 13.16000000    08
OneWeb-synthetic 455
1 00456U 00000ABC 00001.00000000  .00000000  00000-0  00000+0 0    08
2 00456  87.9000 135.0000 0000001   0.0000 106.5306 13.16000000    03
OneWeb-synthetic 456
1 00457U 00000ABC 00001.00000000  .00000000  00000-0  00000+0 0    09
2 00457  87.9000 135.0000 0000001   0.0000 113.8776 13.16000000    06
OneWeb-synthetic 457
1 00458U 00000ABC 00001.00000000  .00000000  00000-0  00000+0 0    00
2 00458  87.9000 135.0000 0000001   0.0000 121.2245 13.16000000    01
OneWeb-synthetic 458
1 00459U 00000ABC 00001.00000000  .00000000  00000-0  00000+0 0    01
2 00459  87.9000 135.0000 0000001   0.0000 128.5714 13.16000000    03
OneWeb-synthetic 459
1 00460U 00000ABC 00001.00000000  .00000000  00000-0  00000+0 0    03
2 00460  87.9000 135.0000 0000001   0.0000 135.9184 13.16000000    08
OneWeb-synthetic 460
1 00461U 00000ABC 00001.00000000  .00000000  00000-0  00000+0 0    04
2 00461  87.9000 135.0000 0000001   0.0000 143.2653 13.16000000    02
OneWeb-synthetic 461
1 00462U 00000ABC 00001.00000000  .00000000  00000-0  00000+0 0    05
2 00462  87.9000 135.0000 0000001   0.0000 150.6122 13.16000000    06
OneWeb-synthetic 462
1 00463U 00000ABC 00001.00000000  .00000000  00000-0  00000+0 0    06
2 00463  87.9000 135.0000 0000001   0.0000 157.9592 13.16000000    08
OneWeb-synthetic 463
1 00464U 00000ABC 00001.00000000  .00000000  00000-0  00000+0 0    07
2 00464  87.9000 135.0000 0000001   0.0000 165.3061 13.16000000    03
OneWeb-synthetic 464
1 00465U 00000ABC 00001.00000000  .00000000  00000-0  00000+0 0    08
2 00465  87.9000 135.0000 0000001   0.0000 172.6531 13.16000000    07
OneWeb-synthetic 465
1 00466U 00000ABC 00001.00000000  .00000000  00000-0  00000+0 0    09
2 00466  87.9000 135.0000 0000001   0.0000 180.0000 13.16000000    02
OneWeb-synthetic 466
1 00467U 00000ABC 00001.00000000  .00000000  00000-0  00000+0 0    00
2 00467  87.9000 135.0000 0000001   0.0000 187.3469 13.16000000    02
OneWeb-synthetic 467
1 00468U 00000ABC 00001.00000000  .00000000  00000-0  00000+0 0    01
2 00468  87.9000 135.0000 0000001   0.0000 194.6939 13.16000000    06
OneWeb-synthetic 468
1 00469U 00000ABC 00001.00000000  .00000000  00000-0  00000+0 0    02
2 00469  87.9000 135.0000 0000001   0.0000 202.0408 13.16000000    02
OneWeb-synthetic 469
1 00470U 00000ABC 00001.00000000  .00000000  00000-0  00000+0 0    04
2 00470  87.9000 135.0000 0000001   0.0000 209.3878 13.16000000    05
OneWeb-synthetic 470
1 00471U 00000ABC 00001.00000000  .00000000  00000-0  00000+0 0    05
2 00471  87.9000 135.0000 0000001   0.0000 216.7347 13.16000000    09
OneWeb-synthetic 471
1 00472U 00000ABC 00001.00000000  .00000000  00000-0  00000+0 0    06
2 00472  87.9000 135.0000 0000001   0.0000 224.0816 13.16000000    03
OneWeb-synthetic 472
1 00473U 00000ABC 00001.00000000  .00000000  00000-0  00000+0 0    07
2 00473  87.9000 135.0000 0000001   0.0000 231.4286 13.16000000    07
OneWeb-synthetic 473
1 00474U 00000ABC 00001.00000000  .00000000  00000-0  00000+0 0    08
2 00474  87.9000 135.0000 0000001   0.0000 238.7755 13.16000000    09
OneWeb-synthetic 474
1 00475U 00000ABC 00001.00000000  .00000000  00000-0  00000+0 0    09
2 00475  87.9000 135.0000 0000001   0.0000 246.1224 13.16000000    04
OneWeb-synthetic 475
1 00476U 00000ABC 00001.00000000  .00000000  00000-0  00000+0 0    00
2 00476  87.9000 135.0000 0000001   0.0000 253.4694 13.16000000    07
OneWeb-synthetic 476
1 00477U 00000ABC 00001.00000000  .00000000  00000-0  00000+0 0    01
2 00477  87.9000 135.0000 0000001   0.0000 260.8163 13.16000000    01
OneWeb-synthetic 477
1 00478U 00000ABC 00001.00000000  .00000000  00000-0  00000+0 0    02
2 00478  87.9000 135.0000 0000001   0.0000 268.1633 13.16000000    05
OneWeb-synthetic 478
1 00479U 00000ABC 00001.00000000  .00000000  00000-0  00000+0 0    03
2 00479  87.9000 135.0000 0000001   0.0000 275.5102 13.16000000    09
OneWeb-synthetic 479
1 00480U 00000ABC 00001.00000000  .00000000  00000-0  00000+0 0    05
2 00480  87.9000 135.0000 0000001   0.0000 282.8571 13.16000000    02
OneWeb-synthetic 480
1 00481U 00000ABC 00001.00000000  .00000000  00000-0  00000+0 0    06
2 00481  87.9000 135.0000 0000001   0.0000 290.2041 13.16000000    08
OneWeb-synthetic 481
1 00482U 00000ABC 00001.00000000  .00000000  00000-0  00000+0 0    07
2 00482  87.9000 135.0000 0000001   0.0000 297.5510 13.16000000    00
OneWeb-synthetic 482
1 00483U 00000ABC 00001.00000000  .00000000  00000-0  00000+0 0    08
2 00483  87.9000 135.0000 0000001   0.0000 304.8980 13.16000000    04
OneWeb-synthetic 483
1 00484U 00000ABC 00001.00000000  .00000000  00000-0  00000+0 0    09
2 00484  87.9000 135.0000 0000001   0.0000 312.2449 13.16000000    08
OneWeb-synthetic 484
1 00485U 00000ABC 00001.00000000  .00000000  00000-0  00000+0 0    00
2 00485  87.9000 135.0000 0000001   0.0000 319.5918 13.16000000    00
OneWeb-synthetic 485
1 00486U 00000ABC 00001.00000000  .00000000  00000-0  00000+0 0    01
2 00486  87.9000 135.0000 0000001   0.0000 326.9388 13.16000000    04
OneWeb-synthetic 486
1 00487U 00000ABC 00001.00000000  .00000000  00000-0  00000+0 0    02
2 00487  87.9000 135.0000 0000001   0.0000 334.2857 13.16000000    08
OneWeb-synthetic 487
1 00488U 00000ABC 00001.00000000  .00000000  00000-0  00000+0 0    03
2 00488  87.9000 135.0000 0000001   0.0000 341.6327 13.16000000    03
OneWeb-synthetic 488
1 00489U 00000ABC 00001.00000000  .00000000  00000-0  00000+0 0    04
2 00489  87.9000 135.0000 0000001   0.0000 348.9796 13.16000000    04
OneWeb-synthetic 489
1 00490U 00000ABC 00001.00000000  .00000000  00000-0  00000+0 0    06
2 00490  87.9000 135.0000 0000001   0.0000 356.3265 13.16000000    00
OneWeb-synthetic 490
1 00491U 00000ABC 00001.00000000  .00000000  00000-0  00000+0 0    07
2 00491  87.9000 150.0000 0000001   0.0000   0.0000 13.16000000    08
OneWeb-synthetic 491
1 00492U 00000ABC 00001.00000000  .00000000  00000-0  00000+0 0    08
2 00492  87.9000 150.0000 0000001   0.0000   7.3469 13.16000000    08
OneWeb-synthetic 492
1 00493U 00000ABC 00001.00000000  .00000000  00000-0  00000+0 0    09
2 00493  87.9000 150.0000 0000001   0.0000  14.6939 13.16000000    02
OneWeb-synthetic 493
1 00494U 00000ABC 00001.00000000  .00000000  00000-0  00000+0 0    00
2 00494  87.9000 150.0000 0000001   0.0000  22.0408 13.16000000    07
OneWeb-synthetic 494
1 00495U 00000ABC 00001.00000000  .00000000  00000-0  00000+0 0    01
2 00495  87.9000 150.0000 0000001   0.0000  29.3878 13.16000000    09
OneWeb-synthetic 495
1 00496U 00000ABC 00001.00000000  .00000000  00000-0  00000+0 0    02
2 00496  87.9000 150.0000 0000001   0.0000  36.7347 13.16000000    03
OneWeb-synthetic 496
1 00497U 00000ABC 00001.00000000  .00000000  00000-0  00000+0 0    03
2 00497  87.9000 150.0000 0000001   0.0000  44.0816 13.16000000    07
OneWeb-synthetic 497
1 00498U 00000ABC 00001.00000000  .00000000  00000-0  00000+0 0    04
2 00498  87.9000 150.0000 0000001   0.0000  51.4286 13.16000000    01
OneWeb-synthetic 498
1 00499U 00000ABC 00001.00000000  .00000000  00000-0  00000+0 0    05
2 00499  87.9000 150.0000 0000001   0.0000  58.7755 13.16000000    03
OneWeb-synthetic 499
1 00500U 00000ABC 00001.00000000  .00000000  00000-0  00000+0 0    08
2 00500  87.9000 150.0000 0000001   0.0000  66.1224 13.16000000    00
OneWeb-synthetic 500
1 00501U 00000ABC 00001.00000000  .00000000  00000-0  00000+0 0    09
2 00501  87.9000 150.0000 0000001   0.0000  73.4694 13.16000000    03
OneWeb-synthetic 501
1 00502U 00000ABC 00001.00000000  .00000000  00000-0  00000+0 0    00
2 00502  87.9000 150.0000 0000001   0.0000  80.8163 13.16000000    07
OneWeb-synthetic 502
1 00503U 00000ABC 00001.00000000  .00000000  00000-0  00000+0 0    01
2 00503  87.9000 150.0000 0000001   0.0000  88.1633 13.16000000    01
OneWeb-synthetic 503
1 00504U 00000ABC 00001.00000000  .00000000  00000-0  00000+0 0    02
2 00504  87.9000 150.0000 0000001   0.0000  95.5102 13.16000000    05
OneWeb-synthetic 504
1 00505U 00000ABC 00001.00000000  .00000000  00000-0  00000+0 0    03
2 00505  87.9000 150.0000 0000001   0.0000 102.8571 13.16000000    08
OneWeb-synthetic 505
1 00506U 00000ABC 00001.00000000  .00000000  00000-0  00000+0 0    04
2 00506  87.9000 150.0000 0000001   0.0000 110.2041 13.16000000    04
OneWeb-synthetic 506
1 00507U 00000ABC 00001.00000000  .00000000  00000-0  00000+0 0    05
2 00507  87.9000 150.0000 0000001   0.0000 117.5510 13.16000000    06
OneWeb-synthetic 507
1 00508U 00000ABC 00001.00000000  .00000000  00000-0  00000+0 0    06
2 00508  87.9000 150.0000 0000001   0.0000 124.8980 13.16000000    09
OneWeb-synthetic 508
1 00509U 00000ABC 00001.00000000  .00000000  00000-0  00000+0 0    07
2 00509  87.9000 150.0000 0000001   0.0000 132.2449 13.16000000    03
OneWeb-synthetic 509
1 00510U 00000ABC 00001.00000000  .00000000  00000-0  00000+0 0    09
2 00510  87.9000 150.0000 0000001   0.0000 139.5918 13.16000000    06
OneWeb-synthetic 510
1 00511U 00000ABC 00001.00000000  .00000000  00000-0  00000+0 0    00
2 00511  87.9000 150.0000 0000001   0.0000 146.9388 13.16000000    00
OneWeb-synthetic 511
1 00512U 00000ABC 00001.00000000  .00000000  00000-0  00000+0 0    01
2 00512  87.9000 150.0000 0000001   0.0000 154.2857 13.16000000    04
OneWeb-synthetic 512
1 00513U 00000ABC 00001.00000000  .00000000  00000-0  00000+0 0    02
2 00513  87.9000 150.0000 0000001   0.0000 161.6327 13.16000000    09
OneWeb-synthetic 513
1 00514U 00000ABC 00001.00000000  .00000000  00000-0  00000+0 0    03
2 00514  87.9000 150.0000 0000001   0.0000 168.9796 13.16000000    00
OneWeb-synthetic 514
1 00515U 00000ABC 00001.00000000  .00000000  00000-0  00000+0 0    04
2 00515  87.9000 150.0000 0000001   0.0000 176.3265 13.16000000    05
OneWeb-synthetic 515
1 00516U 00000ABC 00001.00000000  .00000000  00000-0  00000+0 0    05
2 00516  87.9000 150.0000 0000001   0.0000 183.6735 13.16000000    09
OneWeb-synthetic 516
1 00517U 00000ABC 00001.00000000  .00000000  00000-0  00000+0 0    06
2 00517  87.9000 150.0000 0000001   0.0000 191.0204 13.16000000    04
OneWeb-synthetic 517
1 00518U 00000ABC 00001.00000000  .00000000  00000-0  00000+0 0    07
2 00518  87.9000 150.0000 0000001   0.0000 198.3673 13.16000000    05
OneWeb-synthetic 518
1 00519U 00000ABC 00001.00000000  .00000000  00000-0  00000+0 0    08
2 00519  87.9000 150.0000 0000001   0.0000 205.7143 13.16000000    01
OneWeb-synthetic 519
1 00520U 00000ABC 00001.00000000  .00000000  00000-0  00000+0 0    00
2 00520  87.9000 150.0000 0000001   0.0000 213.0612 13.16000000    06
OneWeb-synthetic 520
1 00521U 00000ABC 00001.00000000  .00000000  00000-0  00000+0 0    01
2 00521  87.9000 150.0000 0000001   0.0000 220.4082 13.16000000    00
OneWeb-synthetic 521
1 00522U 00000ABC 00001.00000000  .00000000  00000-0  00000+0 0    02
2 00522  87.9000 150.0000 0000001   0.0000 227.7551 13.16000000    02
OneWeb-synthetic 522
1 00523U 00000ABC 00001.00000000  .00000000  00000-0  00000+0 0    03
2 00523  87.9000 150.0000 0000001   0.0000 235.1020 13.16000000    07
OneWeb-synthetic 523
1 00524U 00000ABC 00001.00000000  .00000000  00000-0  00000+0 0    04
2 00524  87.9000 150.0000 0000001   0.0000 242.4490 13.16000000    00
OneWeb-synthetic 524
1 00525U 00000ABC 00001.00000000  .00000000  00000-0  00000+0 0    05
2 00525  87.9000 150.0000 0000001   0.0000 249.7959 13.16000000    01
OneWeb-synthetic 525
1 00526U 00000ABC 00001.00000000  .00000000  00000-0  00000+0 0    06
2 00526  87.9000 150.0000 0000001   0.0000 257.1429 13.16000000    07
OneWeb-synthetic 526
1 00527U 00000ABC 00001.00000000  .00000000  00000-0  00000+0 0    07
2 00527  87.9000 150.0000 0000001   0.0000 264.4898 13.16000000    09
OneWeb-synthetic 527
1 00528U 00000ABC 00001.00000000  .00000000  00000-0  00000+0 0    08
2 00528  87.9000 150.0000 0000001   0.0000 271.8367 13.16000000    03
OneWeb-synthetic 528
1 00529U 00000ABC 00001.00000000  .00000000  00000-0  00000+0 0    09
2 00529  87.9000 150.0000 0000001   0.0000 279.1837 13.16000000    07
OneWeb-synthetic 529
1 00530U 00000ABC 00001.00000000  .00000000  00000-0  00000+0 0    01
2 00530  87.9000 150.0000 0000001   0.0000 286.5306 13.16000000    02
OneWeb-synthetic 530
1 00531U 00000ABC 00001.00000000  .00000000  00000-0  00000+0 0    02
2 00531  87.9000 150.0000 0000001   0.0000 293.8776 13.16000000    05
OneWeb-synthetic 531
1 00532U 00000ABC 00001.00000000  .00000000  00000-0  00000+0 0    03
2 00532  87.9000 150.0000 0000001   0.0000 301.2245 13.16000000    01
OneWeb-synthetic 532
1 00533U 00000ABC 00001.00000000  .00000000  00000-0  00000+0 0    04
2 00533  87.9000 150.0000 0000001   0.0000 308.5714 13.16000000    03
OneWeb-synthetic 533
1 00534U 00000ABC 00001.00000000  .00000000  00000-0  00000+0 0    05
2 00534  87.9000 150.0000 0000001   0.0000 315.9184 13.16000000    07
OneWeb-synthetic 534
1 00535U 00000ABC 00001.00000000  .00000000  00000-0  00000+0 0    06
2 00535  87.9000 150.0000 0000001   0.0000 323.2653 13.16000000    01
OneWeb-synthetic 535
1 00536U 00000ABC 00001.00000000  .00000000  00000-0  00000+0 0    07
2 00536  87.9000 150.0000 0000001   0.0000 330.6122 13.16000000    05
OneWeb-synthetic 536
1 00537U 00000ABC 00001.00000000  .00000000  00000-0  00000+0 0    08
2 00537  87.9000 150.0000 0000001   0.0000 337.9592 13.16000000    07
OneWeb-synthetic 537
1 00538U 00000ABC 00001.00000000  .00000000  00000-0  00000+0 0    09
2 00538  87.9000 150.0000 0000001   0.0000 345.3061 13.16000000    02
OneWeb-synthetic 538
1 00539U 00000ABC 00001.00000000  .00000000  00000-0  00000+0 0    00
2 00539  87.9000 150.0000 0000001   0.0000 352.6531 13.16000000    06
OneWeb-synthetic 539
1 00540U 00000ABC 00001.00000000  .00000000  00000-0  00000+0 0    02
2 00540  87.9000 165.0000 0000001   0.0000   3.6735 13.16000000    03
OneWeb-synthetic 540
1 00541U 00000ABC 00001.00000000  .00000000  00000-0  00000+0 0    03
2 00541  87.9000 165.0000 0000001   0.0000  11.0204 13.16000000    08
OneWeb-synthetic 541
1 00542U 00000ABC 00001.00000000  .00000000  00000-0  00000+0 0    04
2 00542  87.9000 165.0000 0000001   0.0000  18.3673 13.16000000    09
OneWeb-synthetic 542
1 00543U 00000ABC 00001.00000000  .00000000  00000-0  00000+0 0    05
2 00543  87.9000 165.0000 0000001   0.0000  25.7143 13.16000000    04
OneWeb-synthetic 543
1 00544U 00000ABC 00001.00000000  .00000000  00000-0  00000+0 0    06
2 00544  87.9000 165.0000 0000001   0.0000  33.0612 13.16000000    08
OneWeb-synthetic 544
1 00545U 00000ABC 00001.00000000  .00000000  00000-0  00000+0 0    07
2 00545  87.9000 165.0000 0000001   0.0000  40.4082 13.16000000    02
OneWeb-synthetic 545
1 00546U 00000ABC 00001.00000000  .00000000  00000-0  00000+0 0    08
2 00546  87.9000 165.0000 0000001   0.0000  47.7551 13.16000000    04
OneWeb-synthetic 546
1 00547U 00000ABC 00001.00000000  .00000000  00000-0  00000+0 0    09
2 00547  87.9000 165.0000 0000001   0.0000  55.1020 13.16000000    09
OneWeb-synthetic 547
1 00548U 00000ABC 00001.00000000  .00000000  00000-0  00000+0 0    00
2 00548  87.9000 165.0000 0000001   0.0000  62.4490 13.16000000    02
OneWeb-synthetic 548
1 00549U 00000ABC 00001.00000000  .00000000  00000-0  00000+0 0    01
2 00549  87.9000 165.0000 0000001   0.0000  69.7959 13.16000000    03
OneWeb-synthetic 549
1 00550U 00000ABC 00001.00000000  .00000000  00000-0  00000+0 0    03
2 00550  87.9000 165.0000 0000001   0.0000  77.1429 13.16000000    00
OneWeb-synthetic 550
1 00551U 00000ABC 00001.00000000  .00000000  00000-0  00000+0 0    04
2 00551  87.9000 165.0000 0000001   0.0000  84.4898 13.16000000    02
OneWeb-synthetic 551
1 00552U 00000ABC 00001.00000000  .00000000  00000-0  00000+0 0    05
2 00552  87.9000 165.0000 0000001   0.0000  91.8367 13.16000000    06
OneWeb-synthetic 552
1 00553U 00000ABC 00001.00000000  .00000000  00000-0  00000+0 0    06
2 00553  87.9000 165.0000 0000001   0.0000  99.1837 13.16000000    00
OneWeb-synthetic 553
1 00554U 00000ABC 00001.00000000  .00000000  00000-0  00000+0 0    07
2 00554  87.9000 165.0000 0000001   0.0000 106.5306 13.16000000    05
OneWeb-synthetic 554
1 00555U 00000ABC 00001.00000000  .00000000  00000-0  00000+0 0    08
2 00555  87.9000 165.0000 0000001   0.0000 113.8776 13.16000000    08
OneWeb-synthetic 555
1 00556U 00000ABC 00001.00000000  .00000000  00000-0  00000+0 0    09
2 00556  87.9000 165.0000 0000001   0.0000 121.2245 13.16000000    03
OneWeb-synthetic 556
1 00557U 00000ABC 00001.00000000  .00000000  00000-0  00000+0 0    00
2 00557  87.9000 165.0000 0000001   0.0000 128.5714 13.16000000    05
OneWeb-synthetic 557
1 00558U 00000ABC 00001.00000000  .00000000  00000-0  00000+0 0    01
2 00558  87.9000 165.0000 0000001   0.0000 135.9184 13.16000000    09
OneWeb-synthetic 558
1 00559U 00000ABC 00001.00000000  .00000000  00000-0  00000+0 0    02
2 00559  87.9000 165.0000 0000001   0.0000 143.2653 13.16000000    03
OneWeb-synthetic 559
1 00560U 00000ABC 00001.00000000  .00000000  00000-0  00000+0 0    04
2 00560  87.9000 165.0000 0000001   0.0000 150.6122 13.16000000    08
OneWeb-synthetic 560
1 00561U 00000ABC 00001.00000000  .00000000  00000-0  00000+0 0    05
2 00561  87.9000 165.0000 0000001   0.0000 157.9592 13.16000000    00
OneWeb-synthetic 561
1 00562U 00000ABC 00001.00000000  .00000000  00000-0  00000+0 0    06
2 00562  87.9000 165.0000 0000001   0.0000 165.3061 13.16000000    05
OneWeb-synthetic 562
1 00563U 00000ABC 00001.00000000  .00000000  00000-0  00000+0 0    07
2 00563  87.9000 165.0000 0000001   0.0000 172.6531 13.16000000    09
OneWeb-synthetic 563
1 00564U 00000ABC 00001.00000000  .00000000  00000-0  00000+0 0    08
2 00564  87.9000 165.0000 0000001   0.0000 180.0000 13.16000000    04
OneWeb-synthetic 564
1 00565U 00000ABC 00001.00000000  .00000000  00000-0  00000+0 0    09
2 00565  87.9000 165.0000 0000001   0.0000 187.3469 13.16000000    04
OneWeb-synthetic 565
1 00566U 00000ABC 00001.00000000  .00000000  00000-0  00000+0 0    00
2 00566  87.9000 165.0000 0000001   0.0000 194.6939 13.16000000    08
OneWeb-synthetic 566
1 00567U 00000ABC 00001.00000000  .00000000  00000-0  00000+0 0    01
2 00567  87.9000 165.0000 0000001   0.0000 202.0408 13.16000000    04
OneWeb-synthetic 567
1 00568U 00000ABC 00001.00000000  .00000000  00000-0  00000+0 0    02
2 00568  87.9000 165.0000 0000001   0.0000 209.3878 13.16000000    06
OneWeb-synthetic 568
1 00569U 00000ABC 00001.00000000  .00000000  00000-0  00000+0 0    03
2 00569  87.9000 165.0000 0000001   0.0000 216.7347 13.16000000    00
OneWeb-synthetic 569
1 00570U 00000ABC 00001.00000000  .00000000  00000-0  00000+0 0    05
2 00570  87.9000 165.0000 0000001   0.0000 224.0816 13.16000000    05
OneWeb-synthetic 570
1 00571U 00000ABC 00001.00000000  .00000000  00000-0  00000+0 0    06
2 00571  87.9000 165.0000 0000001   0.0000 231.4286 13.16000000    09
OneWeb-synthetic 571
1 00572U 00000ABC 00001.00000000  .00000000  00000-0  00000+0 0    07
2 00572  87.9000 165.0000 0000001   0.0000 238.7755 13.16000000    01
OneWeb-synthetic 572
1 00573U 00000ABC 00001.00000000  .00000000  00000-0  00000+0 0    08
2 00573  87.9000 165.0000 0000001   0.0000 246.1224 13.16000000    06
OneWeb-synthetic 573
1 00574U 00000ABC 00001.00000000  .00000000  00000-0  00000+0 0    09
2 00574  87.9000 165.0000 0000001   0.0000 253.4694 13.16000000    09
OneWeb-synthetic 574
1 00575U 00000ABC 00001.00000000  .00000000  00000-0  00000+0 0    00
2 00575  87.9000 165.0000 0000001   0.0000 260.8163 13.16000000    03
OneWeb-synthetic 575
1 00576U 00000ABC 00001.00000000  .00000000  00000-0  00000+0 0    01
2 00576  87.9000 165.0000 0000001   0.0000 268.1633 13.16000000    07
OneWeb-synthetic 576
1 00577U 00000ABC 00001.00000000  .00000000  00000-0  00000+0 0    02
2 00577  87.9000 165.0000 0000001   0.0000 275.5102 13.16000000    01
OneWeb-synthetic 577
1 00578U 00000ABC 00001.00000000  .00000000  00000-0  00000+0 0    03
2 00578  87.9000 165.0000 0000001   0.0000 282.8571 13.16000000    03
OneWeb-synthetic 578
1 00579U 00000ABC 00001.00000000  .00000000  00000-0  00000+0 0    04
2 00579  87.9000 165.0000 0000001   0.0000 290.2041 13.16000000    09
OneWeb-synthetic 579
1 00580U 00000ABC 00001.00000000  .00000000  00000-0  00000+0 0    06
2 00580  87.9000 165.0000 0000001   0.0000 297.5510 13.16000000    02
OneWeb-synthetic 580
1 00581U 00000ABC 00001.00000000  .00000000  00000-0  00000+0 0    07
2 00581  87.9000 165.0000 0000001   0.0000 304.8980 13.16000000    06
OneWeb-synthetic 581
1 00582U 00000ABC 00001.00000000  .00000000  00000-0  00000+0 0    08
2 00582  87.9000 165.0000 0000001   0.0000 312.2449 13.16000000    00
OneWeb-synthetic 582
1 00583U 00000ABC 00001.00000000  .00000000  00000-0  00000+0 0    09
2 00583  87.9000 165.0000 0000001   0.0000 319.5918 13.16000000    02
OneWeb-synthetic 583
1 00584U 00000ABC 00001.00000000  .00000000  00000-0  00000+0 0    00
2 00584  87.9000 165.0000 0000001   0.0000 326.9388 13.16000000    06
OneWeb-synthetic 584
1 00585U 00000ABC 00001.00000000  .00000000  00000-0  00000+0 0    01
2 00585  87.9000 165.0000 0000001   0.0000 334.2857 13.16000000    00
OneWeb-synthetic 585
1 00586U 00000ABC 00001.00000000  .00000000  00000-0  00000+0 0    02
2 00586  87.9000 165.0000 0000001   0.0000 341.6327 13.16000000    05
OneWeb-synthetic 586
1 00587U 00000ABC 00001.00000000  .00000000  00000-0  00000+0 0    03
2 00587  87.9000 165.0000 0000001   0.0000 348.9796 13.16000000    06
OneWeb-synthetic 587
1 00588U 00000ABC 00001.00000000  .00000000  00000-0  00000+0 0    04
2 00588  87.9000 165.0000 0000001   0.0000 356.3265 13.16000000    01
