27 13
Telesat-synthetic 0
1 00001U 00000ABC 00001.00000000  .00000000  00000-0  00000+0 0    04
2 00001  98.9800   0.0000 0000001   0.0000   0.0000 13.66000000    04
Telesat-synthetic 1
1 00002U 00000ABC 00001.00000000  .00000000  00000-0  00000+0 0    05
2 00002  98.9800   0.0000 0000001   0.0000  27.6923 13.66000000    04
Telesat-synthetic 2
1 00003U 00000ABC 00001.00000000  .00000000  00000-0  00000+0 0    06
2 00003  98.9800   0.0000 0000001   0.0000  55.3846 13.66000000    07
Telesat-synthetic 3
1 00004U 00000ABC 00001.00000000  .00000000  00000-0  00000+0 0    07
2 00004  98.9800   0.0000 0000001   0.0000  83.0769 13.66000000    00
Telesat-synthetic 4
1 00005U 00000ABC 00001.00000000  .00000000  00000-0  00000+0 0    08
2 00005  98.9800   0.0000 0000001   0.0000 110.7692 13.66000000    04
Telesat-synthetic 5
1 00006U 00000ABC 00001.00000000  .00000000  00000-0  00000+0 0    09
2 00006  98.9800   0.0000 0000001   0.0000 138.4615 13.66000000    07
Telesat-synthetic 6
1 00007U 00000ABC 00001.00000000  .00000000  00000-0  00000+0 0    00
2 00007  98.9800   0.0000 0000001   0.0000 166.1538 13.66000000    00
Telesat-synthetic 7
1 00008U 00000ABC 00001.00000000  .00000000  00000-0  00000+0 0    01
2 00008  98.9800   0.0000 0000001   0.0000 193.8462 13.66000000    04
Telesat-synthetic 8
1 00009U 00000ABC 00001.00000000  .00000000  00000-0  00000+0 0    02
2 00009  98.9800   0.0000 0000001   0.0000 221.5385 13.66000000    08
Telesat-synthetic 9
1 00010U 00000ABC 00001.00000000  .00000000  00000-0  00000+0 0    04
2 00010  98.9800   0.0000 0000001   0.0000 249.2308 13.66000000    02
Telesat-synthetic 10
1 00011U 00000ABC 00001.00000000  .00000000  00000-0  00000+0 0    05
2 00011  98.9800   0.0000 0000001   0.0000 276.9231 13.66000000    05
Telesat-synthetic 11
1 00012U 00000ABC 00001.00000000  .00000000  00000-0  00000+0 0    06
2 00012  98.9800   0.0000 0000001   0.0000 304.6154 13.66000000    09
Telesat-synthetic 12
1 00013U 00000ABC 00001.00000000  .00000000  00000-0  00000+0 0    07
2 00013  98.9800   0.0000 0000001   0.0000 332.3077 13.66000000    02
Telesat-synthetic 13
1 00014U 00000ABC 00001.00000000  .00000000  00000-0  00000+0 0    08
2 00014  98.9800  13.3333 0000001   0.0000  13.8462 13.66000000    08
Telesat-synthetic 14
1 00015U 00000ABC 00001.00000000  .00000000  00000-0  00000+0 0    09
2 00015  98.9800  13.3333 0000001   0.0000  41.5385 13.66000000    01
Telesat-synthetic 15
1 00016U 00000ABC 00001.00000000  .00000000  00000-0  00000+0 0    00
2 00016  98.9800  13.3333 0000001   0.0000  69.2308 13.66000000    04
Telesat-synthetic 16
1 00017U 00000ABC 00001.00000000  .00000000  00000-0  00000+0 0    01
2 00017  98.9800  13.3333 0000001   0.0000  96.9231 13.66000000    07
Telesat-synthetic 17
1 00018U 00000ABC 00001.00000000  .00000000  00000-0  00000+0 0    02
2 00018  98.9800  13.3333 0000001   0.0000 124.6154 13.66000000    01
Telesat-synthetic 18
1 00019U 00000ABC 00001.00000000  .00000000  00000-0  00000+0 0    03
2 00019  98.9800  13.3333 0000001   0.0000 152.3077 13.66000000    04
Telesat-synthetic 19
1 00020U 00000ABC 00001.00000000  .00000000  00000-0  00000+0 0    05
2 00020  98.9800  13.3333 0000001   0.0000 180.0000 13.66000000    00
Telesat-synthetic 20
1 00021U 00000ABC 00001.00000000  .00000000  00000-0  00000+0 0    06
2 00021  98.9800  13.3333 0000001   0.0000 207.6923 13.66000000    01
Telesat-synthetic 21
1 00022U 00000ABC 00001.00000000  .00000000  00000-0  00000+0 0    07
2 00022  98.9800  13.3333 0000001   0.0000 235.3846 13.66000000    04
Telesat-synthetic 22
1 00023U 00000ABC 00001.00000000  .00000000  00000-0  00000+0 0    08
2 00023  98.9800  13.3333 0000001   0.0000 263.0769 13.66000000    07
Telesat-synthetic 23
1 00024U 00000ABC 00001.00000000  .00000000  00000-0  00000+0 0    09
2 00024  98.9800  13.3333 0000001   0.0000 290.7692 13.66000000    00
Telesat-synthetic 24
1 00025U 00000ABC 00001.00000000  .00000000  00000-0  00000+0 0    00
2 00025  98.9800  13.3333 0000001   0.0000 318.4615 13.66000000    04
Telesat-synthetic 25
1 00026U 00000ABC 00001.00000000  .00000000  00000-0  00000+0 0    01
2 00026  98.9800  13.3333 0000001   0.0000 346.1538 13.66000000    07
Telesat-synthetic 26
1 00027U 00000ABC 00001.00000000  .00000000  00000-0  00000+0 0    02
2 00027  98.9800  26.6667 0000001   0.0000   0.0000 13.66000000    05
Telesat-synthetic 27
1 00028U 00000ABC 00001.00000000  .00000000  00000-0  00000+0 0    03
2 00028  98.9800  26.6667 0000001   0.0000  27.6923 13.66000000    05
Telesat-synthetic 28
1 00029U 00000ABC 00001.00000000  .00000000  00000-0  00000+0 0    04
2 00029  98.9800  26.6667 0000001   0.0000  55.3846 13.66000000    08
Telesat-synthetic 29
1 00030U 00000ABC 00001.00000000  .00000000  00000-0  00000+0 0    06
2 00030  98.9800  26.6667 0000001   0.0000  83.0769 13.66000000    02
Telesat-synthetic 30
1 00031U 00000ABC 00001.00000000  .00000000  00000-0  00000+0 0    07
2 00031  98.9800  26.6667 0000001   0.0000 110.7692 13.66000000    06
Telesat-synthetic 31
1 00032U 00000ABC 00001.00000000  .00000000  00000-0  00000+0 0    08
2 00032  98.9800  26.6667 0000001   0.0000 138.4615 13.66000000    09
Telesat-synthetic 32
1 00033U 00000ABC 00001.00000000  .00000000  00000-0  00000+0 0    09
2 00033  98.9800  26.6667 0000001   0.0000 166.1538 13.66000000    02
Telesat-synthetic 33
1 00034U 00000ABC 00001.00000000  .00000000  00000-0  00000+0 0    00
2 00034  98.9800  26.6667 0000001   0.0000 193.8462 13.66000000    06
Telesat-synthetic 34
1 00035U 00000ABC 00001.00000000  .00000000  00000-0  00000+0 0    01
2 00035  98.9800  26.6667 0000001   0.0000 221.5385 13.66000000    00
Telesat-synthetic 35
1 00036U 00000ABC 00001.00000000  .00000000  00000-0  00000+0 0    02
2 00036  98.9800  26.6667 0000001   0.0000 249.2308 13.66000000    03
Telesat-synthetic 36
1 00037U 00000ABC 00001.00000000  .00000000  00000-0  00000+0 0    03
2 00037  98.9800  26.6667 0000001   0.0000 276.9231 13.66000000    06
Telesat-synthetic 37
1 00038U 00000ABC 00001.00000000  .00000000  00000-0  00000+0 0    04
2 00038  98.9800  26.6667 0000001   0.0000 304.6154 13.66000000    00
Telesat-synthetic 38
1 00039U 00000ABC 00001.00000000  .00000000  00000-0  00000+0 0    05
2 00039  98.9800  26.6667 0000001   0.0000 332.3077 13.66000000    03
Telesat-synthetic 39
1 00040U 00000ABC 00001.00000000  .00000000  00000-0  00000+0 0    07
2 00040  98.9800  40.0000 0000001   0.0000  13.8462 13.66000000    05
Telesat-synthetic 40
1 00041U 00000ABC 00001.00000000  .00000000  00000-0  00000+0 0    08
2 00041  98.9800  40.0000 0000001   0.0000  41.5385 13.66000000    08
Telesat-synthetic 41
1 00042U 00000ABC 00001.00000000  .00000000  00000-0  00000+0 0    09
2 00042  98.9800  40.0000 0000001   0.0000  69.2308 13.66000000    01
Telesat-synthetic 42
1 00043U 00000ABC 00001.00000000  .00000000  00000-0  00000+0 0    00
2 00043  98.9800  40.0000 0000001   0.0000  96.9231 13.66000000    04
Telesat-synthetic 43
1 00044U 00000ABC 00001.00000000  .00000000  00000-0  00000+0 0    01
2 00044  98.9800  40.0000 0000001   0.0000 124.6154 13.66000000    08
Telesat-synthetic 44
1 00045U 00000ABC 00001.00000000  .00000000  00000-0  00000+0 0    02
2 00045  98.9800  40.0000 0000001   0.0000 152.3077 13.66000000    01
Telesat-synthetic 45
1 00046U 00000ABC 00001.00000000  .00000000  00000-0  00000+0 0    03
2 00046  98.9800  40.0000 0000001   0.0000 180.0000 13.66000000    06
Telesat-synthetic 46
1 00047U 00000ABC 00001.00000000  .00000000  00000-0  00000+0 0    04
2 00047  98.9800  40.0000 0000001   0.0000 207.6923 13.66000000    07
Telesat-synthetic 47
1 00048U 00000ABC 00001.00000000  .00000000  00000-0  00000+0 0    05
2 00048  98.9800  40.0000 0000001   0.0000 235.3846 13.66000000    00
Telesat-synthetic 48
1 00049U 00000ABC 00001.00000000  .00000000  00000-0  00000+0 0    06
2 00049  98.9800  40.0000 0000001   0.0000 263.0769 13.66000000    03
Telesat-synthetic 49
1 00050U 00000ABC 00001.00000000  .00000000  00000-0  00000+0 0    08
2 00050  98.9800  40.0000 0000001   0.0000 290.7692 13.66000000    07
Telesat-synthetic 50
1 00051U 00000ABC 00001.00000000  .00000000  00000-0  00000+0 0    09
2 00051  98.9800  40.0000 0000001   0.0000 318.4615 13.66000000    01
Telesat-synthetic 51
1 00052U 00000ABC 00001.00000000  .00000000  00000-0  00000+0 0    00
2 00052  98.9800  40.0000 0000001   0.0000 346.1538 13.66000000    04
Telesat-synthetic 52
1 00053U 00000ABC 00001.00000000  .00000000  00000-0  00000+0 0    01
2 00053  98.9800  53.3333 0000001   0.0000   0.0000 13.66000000    01
Telesat-synthetic 53
1 00054U 00000ABC 00001.00000000  .00000000  00000-0  00000+0 0    02
2 00054  98.9800  53.3333 0000001   0.0000  27.6923 13.66000000    01
Telesat-synthetic 54
1 00055U 00000ABC 00001.00000000  .00000000  00000-0  00000+0 0    03
2 00055  98.9800  53.3333 0000001   0.0000  55.3846 13.66000000    04
Telesat-synthetic 55
1 00056U 00000ABC 00001.00000000  .00000000  00000-0  00000+0 0    04
2 00056  98.9800  53.3333 0000001   0.0000  83.0769 13.66000000    07
Telesat-synthetic 56
1 00057U 00000ABC 00001.00000000  .00000000  00000-0  00000+0 0    05
2 00057  98.9800  53.3333 0000001   0.0000 110.7692 13.66000000    01
Telesat-synthetic 57
1 00058U 00000ABC 00001.00000000  .00000000  00000-0  00000+0 0    06
2 00058  98.9800  53.3333 0000001   0.0000 138.4615 13.66000000    04
Telesat-synthetic 58
1 00059U 00000ABC 00001.00000000  .00000000  00000-0  00000+0 0    07
2 00059  98.9800  53.3333 0000001   0.0000 166.1538 13.66000000    07
Telesat-synthetic 59
1 00060U 00000ABC 00001.00000000  .00000000  00000-0  00000+0 0    09
2 00060  98.9800  53.3333 0000001   0.0000 193.8462 13.66000000    02
Telesat-synthetic 60
1 00061U 00000ABC 00001.00000000  .00000000  00000-0  00000+0 0    00
2 00061  98.9800  53.3333 0000001   0.0000 221.5385 13.66000000    06
Telesat-synthetic 61
1 00062U 00000ABC 00001.00000000  .00000000  00000-0  00000+0 0    01
2 00062  98.9800  53.3333 0000001   0.0000 249.2308 13.66000000    09
Telesat-synthetic 62
1 00063U 00000ABC 00001.00000000  .00000000  00000-0  00000+0 0    02
2 00063  98.9800  53.3333 0000001   0.0000 276.9231 13.66000000    02
Telesat-synthetic 63
1 00064U 00000ABC 00001.00000000  .00000000  00000-0  00000+0 0    03
2 00064  98.9800  53.3333 0000001   0.0000 304.6154 13.66000000    06
Telesat-synthetic 64
1 00065U 00000ABC 00001.00000000  .00000000  00000-0  00000+0 0    04
2 00065  98.9800  53.3333 0000001   0.0000 332.3077 13.66000000    09
Telesat-synthetic 65
1 00066U 00000ABC 00001.00000000  .00000000  00000-0  00000+0 0    05
2 00066  98.9800  66.6667 0000001   0.0000  13.8462 13.66000000    06
Telesat-synthetic 66
1 00067U 00000ABC 00001.00000000  .00000000  00000-0  00000+0 0    06
2 00067  98.9800  66.6667 0000001   0.0000  41.5385 13.66000000    09
Telesat-synthetic 67
1 00068U 00000ABC 00001.00000000  .00000000  00000-0  00000+0 0    07
2 00068  98.9800  66.6667 0000001   0.0000  69.2308 13.66000000    02
Telesat-synthetic 68
1 00069U 00000ABC 00001.00000000  .00000000  00000-0  00000+0 0    08
2 00069  98.9800  66.6667 0000001   0.0000  96.9231 13.66000000    05
Telesat-synthetic 69
1 00070U 00000ABC 00001.00000000  .00000000  00000-0  00000+0 0    00
2 00070  98.9800  66.6667 0000001   0.0000 124.6154 13.66000000    00
Telesat-synthetic 70
1 00071U 00000ABC 00001.00000000  .00000000  00000-0  00000+0 0    01
2 00071  98.9800  66.6667 0000001   0.0000 152.3077 13.66000000    03
Telesat-synthetic 71
1 00072U 00000ABC 00001.00000000  .00000000  00000-0  00000+0 0    02
2 00072  98.9800  66.6667 0000001   0.0000 180.0000 13.66000000    08
Telesat-synthetic 72
1 00073U 00000ABC 00001.00000000  .00000000  00000-0  00000+0 0    03
2 00073  98.9800  66.6667 0000001   0.0000 207.6923 13.66000000    09
Telesat-synthetic 73
1 00074U 00000ABC 00001.00000000  .00000000  00000-0  00000+0 0    04
2 00074  98.9800  66.6667 0000001   0.0000 235.3846 13.66000000    02
Telesat-synthetic 74
1 00075U 00000ABC 00001.00000000  .00000000  00000-0  00000+0 0    05
2 00075  98.9800  66.6667 0000001   0.0000 263.0769 13.66000000    05
Telesat-synthetic 75
1 00076U 00000ABC 00001.00000000  .00000000  00000-0  00000+0 0    06
2 00076  98.9800  66.6667 0000001   0.0000 290.7692 13.66000000    08
Telesat-synthetic 76
1 00077U 00000ABC 00001.00000000  .00000000  00000-0  00000+0 0    07
2 00077  98.9800  66.6667 0000001   0.0000 318.4615 13.66000000    02
Telesat-synthetic 77
1 00078U 00000ABC 00001.00000000  .00000000  00000-0  00000+0 0    08
2 00078  98.9800  66.6667 0000001   0.0000 346.1538 13.66000000    05
Telesat-synthetic 78
1 00079U 00000ABC 00001.00000000  .00000000  00000-0  00000+0 0    09
2 00079  98.9800  80.0000 0000001   0.0000   0.0000 13.66000000    07
Telesat-synthetic 79
1 00080U 00000ABC 00001.00000000  .00000000  00000-0  00000+0 0    01
2 00080  98.9800  80.0000 0000001   0.0000  27.6923 13.66000000    08
Telesat-synthetic 80
1 00081U 00000ABC 00001.00000000  .00000000  00000-0  00000+0 0    02
2 00081  98.9800  80.0000 0000001   0.0000  55.3846 13.66000000    01
Telesat-synthetic 81
1 00082U 00000ABC 00001.00000000  .00000000  00000-0  00000+0 0    03
2 00082  98.9800  80.0000 0000001   0.0000  83.0769 13.66000000    04
Telesat-synthetic 82
1 00083U 00000ABC 00001.00000000  .00000000  00000-0  00000+0 0    04
2 00083  98.9800  80.0000 0000001   0.0000 110.7692 13.66000000    08
Telesat-synthetic 83
1 00084U 00000ABC 00001.00000000  .00000000  00000-0  00000+0 0    05
2 00084  98.9800  80.0000 0000001   0.0000 138.4615 13.66000000    01
Telesat-synthetic 84
1 00085U 00000ABC 00001.00000000  .00000000  00000-0  00000+0 0    06
2 00085  98.9800  80.0000 0000001   0.0000 166.1538 13.66000000    04
Telesat-synthetic 85
1 00086U 00000ABC 00001.00000000  .00000000  00000-0  00000+0 0    07
2 00086  98.9800  80.0000 0000001   0.0000 193.8462 13.66000000    08
Telesat-synthetic 86
1 00087U 00000ABC 00001.00000000  .00000000  00000-0  00000+0 0    08
2 00087  98.9800  80.0000 0000001   0.0000 221.5385 13.66000000    02
Telesat-synthetic 87
1 00088U 00000ABC 00001.00000000  .00000000  00000-0  00000+0 0    09
2 00088  98.9800  80.0000 0000001   0.0000 249.2308 13.66000000    05
Telesat-synthetic 88
1 00089U 00000ABC 00001.00000000  .00000000  00000-0  00000+0 0    00
2 00089  98.9800  80.0000 0000001   0.0000 276.9231 13.66000000    08
Telesat-synthetic 89
1 00090U 00000ABC 00001.00000000  .00000000  00000-0  00000+0 0    02
2 00090  98.9800  80.0000 0000001   0.0000 304.6154 13.66000000    03
Telesat-synthetic 90
1 00091U 00000ABC 00001.00000000  .00000000  00000-0  00000+0 0    03
2 00091  98.9800  80.0000 0000001   0.0000 332.3077 13.66000000    06
Telesat-synthetic 91
1 00092U 00000ABC 00001.00000000  .00000000  00000-0  00000+0 0    04
2 00092  98.9800  93.3333 0000001   0.0000  13.8462 13.66000000    02
Telesat-synthetic 92
1 00093U 00000ABC 00001.00000000  .00000000  00000-0  00000+0 0    05
2 00093  98.9800  93.3333 0000001   0.0000  41.5385 13.66000000    05
Telesat-synthetic 93
1 00094U 00000ABC 00001.00000000  .00000000  00000-0  00000+0 0    06
2 00094  98.9800  93.3333 0000001   0.0000  69.2308 13.66000000    08
Telesat-synthetic 94
1 00095U 00000ABC 00001.00000000  .00000000  00000-0  00000+0 0    07
2 00095  98.9800  93.3333 0000001   0.0000  96.9231 13.66000000    01
Telesat-synthetic 95
1 00096U 00000ABC 00001.00000000  .00000000  00000-0  00000+0 0    08
2 00096  98.9800  93.3333 0000001   0.0000 124.6154 13.66000000    05
Telesat-synthetic 96
1 00097U 00000ABC 00001.00000000  .00000000  00000-0  00000+0 0    09
2 00097  98.9800  93.3333 0000001   0.0000 152.3077 13.66000000    08
Telesat-synthetic 97
1 00098U 00000ABC 00001.00000000  .00000000  00000-0  00000+0 0    00
2 00098  98.9800  93.3333 0000001   0.0000 180.0000 13.66000000    03
Telesat-synthetic 98
1 00099U 00000ABC 00001.00000000  .00000000  00000-0  00000+0 0    01
2 00099  98.9800  93.3333 0000001   0.0000 207.6923 13.66000000    04
Telesat-synthetic 99
1 00100U 00000ABC 00001.00000000  .00000000  00000-0  00000+0 0    04
2 00100  98.9800  93.3333 0000001   0.0000 235.3846 13.66000000    09
Telesat-synthetic 100
1 00101U 00000ABC 00001.00000000  .00000000  00000-0  00000+0 0    05
2 00101  98.9800  93.3333 0000001   0.0000 263.0769 13.66000000    02
Telesat-synthetic 101
1 00102U 00000ABC 00001.00000000  .00000000  00000-0  00000+0 0    06
2 00102  98.9800  93.3333 0000001   0.0000 290.7692 13.66000000    05
Telesat-synthetic 102
1 00103U 00000ABC 00001.00000000  .00000000  00000-0  00000+0 0    07
2 00103  98.9800  93.3333 0000001   0.0000 318.4615 13.66000000    09
Telesat-synthetic 103
1 00104U 00000ABC 00001.00000000  .00000000  00000-0  00000+0 0    08
2 00104  98.9800  93.3333 0000001   0.0000 346.1538 13.66000000    02
Telesat-synthetic 104
1 00105U 00000ABC 00001.00000000  .00000000  00000-0  00000+0 0    09
2 00105  98.9800 106.6667 0000001   0.0000   0.0000 13.66000000    01
Telesat-synthetic 105
1 00106U 00000ABC 00001.00000000  .00000000  00000-0  00000+0 0    00
2 00106  98.9800 106.6667 0000001   0.0000  27.6923 13.66000000    01
Telesat-synthetic 106
1 00107U 00000ABC 00001.00000000  .00000000  00000-0  00000+0 0    01
2 00107  98.9800 106.6667 0000001   0.0000  55.3846 13.66000000    04
Telesat-synthetic 107
1 00108U 00000ABC 00001.00000000  .00000000  00000-0  00000+0 0    02
2 00108  98.9800 106.6667 0000001   0.0000  83.0769 13.66000000    07
Telesat-synthetic 108
1 00109U 00000ABC 00001.00000000  .00000000  00000-0  00000+0 0    03
2 00109  98.9800 106.6667 0000001   0.0000 110.7692 13.66000000    01
Telesat-synthetic 109
1 00110U 00000ABC 00001.00000000  .00000000  00000-0  00000+0 0    05
2 00110  98.9800 106.6667 0000001   0.0000 138.4615 13.66000000    05
Telesat-synthetic 110
1 00111U 00000ABC 00001.00000000  .00000000  00000-0  00000+0 0    06
2 00111  98.9800 106.6667 0000001   0.0000 166.1538 13.66000000    08
Telesat-synthetic 111
1 00112U 00000ABC 00001.00000000  .00000000  00000-0  00000+0 0    07
2 00112  98.9800 106.6667 0000001   0.0000 193.8462 13.66000000    02
Telesat-synthetic 112
1 00113U 00000ABC 00001.00000000  .00000000  00000-0  00000+0 0    08
2 00113  98.9800 106.6667 0000001   0.0000 221.5385 13.66000000    06
Telesat-synthetic 113
1 00114U 00000ABC 00001.00000000  .00000000  00000-0  00000+0 0    09
2 00114  98.9800 106.6667 0000001   0.0000 249.2308 13.66000000    09
Telesat-synthetic 114
1 00115U 00000ABC 00001.00000000  .00000000  00000-0  00000+0 0    00
2 00115  98.9800 106.6667 0000001   0.0000 276.9231 13.66000000    02
Telesat-synthetic 115
1 00116U 00000ABC 00001.00000000  .00000000  00000-0  00000+0 0    01
2 00116  98.9800 106.6667 0000001   0.0000 304.6154 13.66000000    06
Telesat-synthetic 116
1 00117U 00000ABC 00001.00000000  .00000000  00000-0  00000+0 0    02
2 00117  98.9800 106.6667 0000001   0.0000 332.3077 13.66000000    09
Telesat-synthetic 117
1 00118U 00000ABC 00001.00000000  .00000000  00000-0  00000+0 0    03
2 00118  98.9800 120.0000 0000001   0.0000  13.8462 13.66000000    00
Telesat-synthetic 118
1 00119U 00000ABC 00001.00000000  .00000000  00000-0  00000+0 0    04
2 00119  98.9800 120.0000 0000001   0.0000  41.5385 13.66000000    03
Telesat-synthetic 119
1 00120U 00000ABC 00001.00000000  .00000000  00000-0  00000+0 0    06
2 00120  98.9800 120.0000 0000001   0.0000  69.2308 13.66000000    07
Telesat-synthetic 120
1 00121U 00000ABC 00001.00000000  .00000000  00000-0  00000+0 0    07
2 00121  98.9800 120.0000 0000001   0.0000  96.9231 13.66000000    00
Telesat-synthetic 121
1 00122U 00000ABC 00001.00000000  .00000000  00000-0  00000+0 0    08
2 00122  98.9800 120.0000 0000001   0.0000 124.6154 13.66000000    04
Telesat-synthetic 122
1 00123U 00000ABC 00001.00000000  .00000000  00000-0  00000+0 0    09
2 00123  98.9800 120.0000 0000001   0.0000 152.3077 13.66000000    07
Telesat-synthetic 123
1 00124U 00000ABC 00001.00000000  .00000000  00000-0  00000+0 0    00
2 00124  98.9800 120.0000 0000001   0.0000 180.0000 13.66000000    02
Telesat-synthetic 124
1 00125U 00000ABC 00001.00000000  .00000000  00000-0  00000+0 0    01
2 00125  98.9800 120.0000 0000001   0.0000 207.6923 13.66000000    03
Telesat-synthetic 125
1 00126U 00000ABC 00001.00000000  .00000000  00000-0  00000+0 0    02
2 00126  98.9800 120.0000 0000001   0.0000 235.3846 13.66000000    06
Telesat-synthetic 126
1 00127U 00000ABC 00001.00000000  .00000000  00000-0  00000+0 0    03
2 00127  98.9800 120.0000 0000001   0.0000 263.0769 13.66000000    09
Telesat-synthetic 127
1 00128U 00000ABC 00001.00000000  .00000000  00000-0  00000+0 0    04
2 00128  98.9800 120.0000 0000001   0.0000 290.7692 13.66000000    02
Telesat-synthetic 128
1 00129U 00000ABC 00001.00000000  .00000000  00000-0  00000+0 0    05
2 00129  98.9800 120.0000 0000001   0.0000 318.4615 13.66000000    06
Telesat-synthetic 129
1 00130U 00000ABC 00001.00000000  .00000000  00000-0  00000+0 0    07
2 00130  98.9800 120.0000 0000001   0.0000 346.1538 13.66000000    00
Telesat-synthetic 130
1 00131U 00000ABC 00001.00000000  .00000000  00000-0  00000+0 0    08
2 00131  98.9800 133.3333 0000001   0.0000   0.0000 13.66000000    07
Telesat-synthetic 131
1 00132U 00000ABC 00001.00000000  .00000000  00000-0  00000+0 0    09
2 00132  98.9800 133.3333 0000001   0.0000  27.6923 13.66000000    07
Telesat-synthetic 132
1 00133U 00000ABC 00001.00000000  .00000000  00000-0  00000+0 0    00
2 00133  98.9800 133.3333 0000001   0.0000  55.3846 13.66000000    00
Telesat-synthetic 133
1 00134U 00000ABC 00001.00000000  .00000000  00000-0  00000+0 0    01
2 00134  98.9800 133.3333 0000001   0.0000  83.0769 13.66000000    03
Telesat-synthetic 134
1 00135U 00000ABC 00001.00000000  .00000000  00000-0  00000+0 0    02
2 00135  98.9800 133.3333 0000001   0.0000 110.7692 13.66000000    07
Telesat-synthetic 135
1 00136U 00000ABC 00001.00000000  .00000000  00000-0  00000+0 0    03
2 00136  98.9800 133.3333 0000001   0.0000 138.4615 13.66000000    00
Telesat-synthetic 136
1 00137U 00000ABC 00001.00000000  .00000000  00000-0  00000+0 0    04
2 00137  98.9800 133.3333 0000001   0.0000 166.1538 13.66000000    03
Telesat-synthetic 137
1 00138U 00000ABC 00001.00000000  .00000000  00000-0  00000+0 0    05
2 00138  98.9800 133.3333 0000001   0.0000 193.8462 13.66000000    07
Telesat-synthetic 138
1 00139U 00000ABC 00001.00000000  .00000000  00000-0  00000+0 0    06
2 00139  98.9800 133.3333 0000001   0.0000 221.5385 13.66000000    01
Telesat-synthetic 139
1 00140U 00000ABC 00001.00000000  .00000000  00000-0  00000+0 0    08
2 00140  98.9800 133.3333 0000001   0.0000 249.2308 13.66000000    05
Telesat-synthetic 140
1 00141U 00000ABC 00001.00000000  .00000000  00000-0  00000+0 0    09
2 00141  98.9800 133.3333 0000001   0.0000 276.9231 13.66000000    08
Telesat-synthetic 141
1 00142U 00000ABC 00001.00000000  .00000000  00000-0  00000+0 0    00
2 00142  98.9800 133.3333 0000001   0.0000 304.6154 13.66000000    02
Telesat-synthetic 142
1 00143U 00000ABC 00001.00000000  .00000000  00000-0  00000+0 0    01
2 00143  98.9800 133.3333 0000001   0.0000 332.3077 13.66000000    05
Telesat-synthetic 143
1 00144U 00000ABC 00001.00000000  .00000000  00000-0  00000+0 0    02
2 00144  98.9800 146.6667 0000001   0.0000  13.8462 13.66000000    02
Telesat-synthetic 144
1 00145U 00000ABC 00001.00000000  .00000000  00000-0  00000+0 0    03
2 00145  98.9800 146.6667 0000001   0.0000  41.5385 13.66000000    05
Telesat-synthetic 145
1 00146U 00000ABC 00001.00000000  .00000000  00000-0  00000+0 0    04
2 00146  98.9800 146.6667 0000001   0.0000  69.2308 13.66000000    08
Telesat-synthetic 146
1 00147U 00000ABC 00001.00000000  .00000000  00000-0  00000+0 0    05
2 00147  98.9800 146.6667 0000001   0.0000  96.9231 13.66000000    01
Telesat-synthetic 147
1 00148U 00000ABC 00001.00000000  .00000000  00000-0  00000+0 0    06
2 00148  98.9800 146.6667 0000001   0.0000 124.6154 13.66000000    05
Telesat-synthetic 148
1 00149U 00000ABC 00001.00000000  .00000000  00000-0  00000+0 0    07
2 00149  98.9800 146.6667 0000001   0.0000 152.3077 13.66000000    08
Telesat-synthetic 149
1 00150U 00000ABC 00001.00000000  .00000000  00000-0  00000+0 0    09
2 00150  98.9800 146.6667 0000001   0.0000 180.0000 13.66000000    04
Telesat-synthetic 150
1 00151U 00000ABC 00001.00000000  .00000000  00000-0  00000+0 0    00
2 00151  98.9800 146.6667 0000001   0.0000 207.6923 13.66000000    05
Telesat-synthetic 151
1 00152U 00000ABC 00001.00000000  .00000000  00000-0  00000+0 0    01
2 00152  98.9800 146.6667 0000001   0.0000 235.3846 13.66000000    08
Telesat-synthetic 152
1 00153U 00000ABC 00001.00000000  .00000000  00000-0  00000+0 0    02
2 00153  98.9800 146.6667 0000001   0.0000 263.0769 13.66000000    01
Telesat-synthetic 153
1 00154U 00000ABC 00001.00000000  .00000000  00000-0  00000+0 0    03
2 00154  98.9800 146.6667 0000001   0.0000 290.7692 13.66000000    04
Telesat-synthetic 154
1 00155U 00000ABC 00001.00000000  .00000000  00000-0  00000+0 0    04
2 00155  98.9800 146.6667 0000001   0.0000 318.4615 13.66000000    08
Telesat-synthetic 155
1 00156U 00000ABC 00001.00000000  .00000000  00000-0  00000+0 0    05
2 00156  98.9800 146.6667 0000001   0.0000 346.1538 13.66000000    01
Telesat-synthetic 156
1 00157U 00000ABC 00001.00000000  .00000000  00000-0  00000+0 0    06
2 00157  98.9800 160.0000 0000001   0.0000   0.0000 13.66000000    03
Telesat-synthetic 157
1 00158U 00000ABC 00001.00000000  .00000000  00000-0  00000+0 0    07
2 00158  98.9800 160.0000 0000001   0.0000  27.6923 13.66000000    03
Telesat-synthetic 158
1 00159U 00000ABC 00001.00000000  .00000000  00000-0  00000+0 0    08
2 00159  98.9800 160.0000 0000001   0.0000  55.3846 13.66000000    06
Telesat-synthetic 159
1 00160U 00000ABC 00001.00000000  .00000000  00000-0  00000+0 0    00
2 00160  98.9800 160.0000 0000001   0.0000  83.0769 13.66000000    00
Telesat-synthetic 160
1 00161U 00000ABC 00001.00000000  .00000000  00000-0  00000+0 0    01
2 00161  98.9800 160.0000 0000001   0.0000 110.7692 13.66000000    04
Telesat-synthetic 161
1 00162U 00000ABC 00001.00000000  .00000000  00000-0  00000+0 0    02
2 00162  98.9800 160.0000 0000001   0.0000 138.4615 13.66000000    07
Telesat-synthetic 162
1 00163U 00000ABC 00001.00000000  .00000000  00000-0  00000+0 0    03
2 00163  98.9800 160.0000 0000001   0.0000 166.1538 13.66000000    00
Telesat-synthetic 163
1 00164U 00000ABC 00001.00000000  .00000000  00000-0  00000+0 0    04
2 00164  98.9800 160.0000 0000001   0.0000 193.8462 13.66000000    04
Telesat-synthetic 164
1 00165U 00000ABC 00001.00000000  .00000000  00000-0  00000+0 0    05
2 00165  98.9800 160.0000 0000001   0.0000 221.5385 13.66000000    08
Telesat-synthetic 165
1 00166U 00000ABC 00001.00000000  .00000000  00000-0  00000+0 0    06
2 00166  98.9800 160.0000 0000001   0.0000 249.2308 13.66000000    01
Telesat-synthetic 166
1 00167U 00000ABC 00001.00000000  .00000000  00000-0  00000+0 0    07
2 00167  98.9800 160.0000 0000001   0.0000 276.9231 13.66000000    04
Telesat-synthetic 167
1 00168U 00000ABC 00001.00000000  .00000000  00000-0  00000+0 0    08
2 00168  98.9800 160.0000 0000001   0.0000 304.6154 13.66000000    08
Telesat-synthetic 168
1 00169U 00000ABC 00001.00000000  .00000000  00000-0  00000+0 0    09
2 00169  98.9800 160.0000 0000001   0.0000 332.3077 13.66000000    01
Telesat-synthetic 169
1 00170U 00000ABC 00001.00000000  .00000000  00000-0  00000+0 0    01
2 00170  98.9800 173.3333 0000001   0.0000  13.8462 13.66000000    08
Telesat-synthetic 170
1 00171U 00000ABC 00001.00000000  .00000000  00000-0  00000+0 0    02
2 00171  98.9800 173.3333 0000001   0.0000  41.5385 13.66000000    01
Telesat-synthetic 171
1 00172U 00000ABC 00001.00000000  .00000000  00000-0  00000+0 0    03
2 00172  98.9800 173.3333 0000001   0.0000  69.2308 13.66000000    04
Telesat-synthetic 172
1 00173U 00000ABC 00001.00000000  .00000000  00000-0  00000+0 0    04
2 00173  98.9800 173.3333 0000001   0.0000  96.9231 13.66000000    07
Telesat-synthetic 173
1 00174U 00000ABC 00001.00000000  .00000000  00000-0  00000+0 0    05
2 00174  98.9800 173.3333 0000001   0.0000 124.6154 13.66000000    01
Telesat-synthetic 174
1 00175U 00000ABC 00001.00000000  .00000000  00000-0  00000+0 0    06
2 00175  98.9800 173.3333 0000001   0.0000 152.3077 13.66000000    04
Telesat-synthetic 175
1 00176U 00000ABC 00001.00000000  .00000000  00000-0  00000+0 0    07
2 00176  98.9800 173.3333 0000001   0.0000 180.0000 13.66000000    09
Telesat-synthetic 176
1 00177U 00000ABC 00001.00000000  .00000000  00000-0  00000+0 0    08
2 00177  98.9800 173.3333 0000001   0.0000 207.6923 13.66000000    00
Telesat-synthetic 177
1 00178U 00000ABC 00001.00000000  .00000000  00000-0  00000+0 0    09
2 00178  98.9800 173.3333 0000001   0.0000 235.3846 13.66000000    03
Telesat-synthetic 178
1 00179U 00000ABC 00001.00000000  .00000000  00000-0  00000+0 0    00
2 00179  98.9800 173.3333 0000001   0.0000 263.0769 13.66000000    06
Telesat-synthetic 179
1 00180U 00000ABC 00001.00000000  .00000000  00000-0  00000+0 0    02
2 00180  98.9800 173.3333 0000001   0.0000 290.7692 13.66000000    00
Telesat-synthetic 180
1 00181U 00000ABC 00001.00000000  .00000000  00000-0  00000+0 0    03
2 00181  98.9800 173.3333 0000001   0.0000 318.4615 13.66000000    04
Telesat-synthetic 181
1 00182U 00000ABC 00001.00000000  .00000000  00000-0  00000+0 0    04
2 00182  98.9800 173.3333 0000001   0.0000 346.1538 13.66000000    07
Telesat-synthetic 182
1 00183U 00000ABC 00001.00000000  .00000000  00000-0  00000+0 0    05
2 00183  98.9800 186.6667 0000001   0.0000   0.0000 13.66000000    05
Telesat-synthetic 183
1 00184U 00000ABC 00001.00000000  .00000000  00000-0  00000+0 0    06
2 00184  98.9800 186.6667 0000001   0.0000  27.6923 13.66000000    05
Telesat-synthetic 184
1 00185U 00000ABC 00001.00000000  .00000000  00000-0  00000+0 0    07
2 00185  98.9800 186.6667 0000001   0.0000  55.3846 13.66000000    08
Telesat-synthetic 185
1 00186U 00000ABC 00001.00000000  .00000000  00000-0  00000+0 0    08
2 00186  98.9800 186.6667 0000001   0.0000  83.0769 13.66000000    01
Telesat-synthetic 186
1 00187U 00000ABC 00001.00000000  .00000000  00000-0  00000+0 0    09
2 00187  98.9800 186.6667 0000001   0.0000 110.7692 13.66000000    05
Telesat-synthetic 187
1 00188U 00000ABC 00001.00000000  .00000000  00000-0  00000+0 0    00
2 00188  98.9800 186.6667 0000001   0.0000 138.4615 13.66000000    08
Telesat-synthetic 188
1 00189U 00000ABC 00001.00000000  .00000000  00000-0  00000+0 0    01
2 00189  98.9800 186.6667 0000001   0.0000 166.1538 13.66000000    01
Telesat-synthetic 189
1 00190U 00000ABC 00001.00000000  .00000000  00000-0  00000+0 0    03
2 00190  98.9800 186.6667 0000001   0.0000 193.8462 13.66000000    06
Telesat-synthetic 190
1 00191U 00000ABC 00001.00000000  .00000000  00000-0  00000+0 0    04
2 00191  98.9800 186.6667 0000001   0.0000 221.5385 13.66000000    00
Telesat-synthetic 191
1 00192U 00000ABC 00001.00000000  .00000000  00000-0  00000+0 0    05
2 00192  98.9800 186.6667 0000001   0.0000 249.2308 13.66000000    03
Telesat-synthetic 192
1 00193U 00000ABC 00001.00000000  .00000000  00000-0  00000+0 0    06
2 00193  98.9800 186.6667 0000001   0.0000 276.9231 13.66000000    06
Telesat-synthetic 193
1 00194U 00000ABC 00001.00000000  .00000000  00000-0  00000+0 0    07
2 00194  98.9800 186.6667 0000001   0.0000 304.6154 13.66000000    00
Telesat-synthetic 194
1 00195U 00000ABC 00001.00000000  .00000000  00000-0  00000+0 0    08
2 00195  98.9800 186.6667 0000001   0.0000 332.3077 13.66000000    03
Telesat-synthetic 195
1 00196U 00000ABC 00001.00000000  .00000000  00000-0  00000+0 0    09
2 00196  98.9800 200.0000 0000001   0.0000  13.8462 13.66000000    05
Telesat-synthetic 196
1 00197U 00000ABC 00001.00000000  .00000000  00000-0  00000+0 0    00
2 00197  98.9800 200.0000 0000001   0.0000  41.5385 13.66000000    08
Telesat-synthetic 197
1 00198U 00000ABC 00001.00000000  .00000000  00000-0  00000+0 0    01
2 00198  98.9800 200.0000 0000001   0.0000  69.2308 13.66000000    01
Telesat-synthetic 198
1 00199U 00000ABC 00001.00000000  .00000000  00000-0  00000+0 0    02
2 00199  98.9800 200.0000 0000001   0.0000  96.9231 13.66000000    04
Telesat-synthetic 199
1 00200U 00000ABC 00001.00000000  .00000000  00000-0  00000+0 0    05
2 00200  98.9800 200.0000 0000001   0.0000 124.6154 13.66000000    00
Telesat-synthetic 200
1 00201U 00000ABC 00001.00000000  .00000000  00000-0  00000+0 0    06
2 00201  98.9800 200.0000 0000001   0.0000 152.3077 13.66000000    03
Telesat-synthetic 201
1 00202U 00000ABC 00001.00000000  .00000000  00000-0  00000+0 0    07
2 00202  98.9800 200.0000 0000001   0.0000 180.0000 13.66000000    08
Telesat-synthetic 202
1 00203U 00000ABC 00001.00000000  .00000000  00000-0  00000+0 0    08
2 00203  98.9800 200.0000 0000001   0.0000 207.6923 13.66000000    09
Telesat-synthetic 203
1 00204U 00000ABC 00001.00000000  .00000000  00000-0  00000+0 0    09
2 00204  98.9800 200.0000 0000001   0.0000 235.3846 13.66000000    02
Telesat-synthetic 204
1 00205U 00000ABC 00001.00000000  .00000000  00000-0  00000+0 0    00
2 00205  98.9800 200.0000 0000001   0.0000 263.0769 13.66000000    05
Telesat-synthetic 205
1 00206U 00000ABC 00001.00000000  .00000000  00000-0  00000+0 0    01
2 00206  98.9800 200.0000 0000001   0.0000 290.7692 13.66000000    08
Telesat-synthetic 206
1 00207U 00000ABC 00001.00000000  .00000000  00000-0  00000+0 0    02
2 00207  98.9800 200.0000 0000001   0.0000 318.4615 13.66000000    02
Telesat-synthetic 207
1 00208U 00000ABC 00001.00000000  .00000000  00000-0  00000+0 0    03
2 00208  98.9800 200.0000 0000001   0.0000 346.1538 13.66000000    05
Telesat-synthetic 208
1 00209U 00000ABC 00001.00000000  .00000000  00000-0  00000+0 0    04
2 00209  98.9800 213.3333 0000001   0.0000   0.0000 13.66000000    02
Telesat-synthetic 209
1 00210U 00000ABC 00001.00000000  .00000000  00000-0  00000+0 0    06
2 00210  98.9800 213.3333 0000001   0.0000  27.6923 13.66000000    03
Telesat-synthetic 210
1 00211U 00000ABC 00001.00000000  .00000000  00000-0  00000+0 0    07
2 00211  98.9800 213.3333 0000001   0.0000  55.3846 13.66000000    06
Telesat-synthetic 211
1 00212U 00000ABC 00001.00000000  .00000000  00000-0  00000+0 0    08
2 00212  98.9800 213.3333 0000001   0.0000  83.0769 13.66000000    09
Telesat-synthetic 212
1 00213U 00000ABC 00001.00000000  .00000000  00000-0  00000+0 0    09
2 00213  98.9800 213.3333 0000001   0.0000 110.7692 13.66000000    03
Telesat-synthetic 213
1 00214U 00000ABC 00001.00000000  .00000000  00000-0  00000+0 0    00
2 00214  98.9800 213.3333 0000001   0.0000 138.4615 13.66000000    06
Telesat-synthetic 214
1 00215U 00000ABC 00001.00000000  .00000000  00000-0  00000+0 0    01
2 00215  98.9800 213.3333 0000001   0.0000 166.1538 13.66000000    09
Telesat-synthetic 215
1 00216U 00000ABC 00001.00000000  .00000000  00000-0  00000+0 0    02
2 00216  98.9800 213.3333 0000001   0.0000 193.8462 13.66000000    03
Telesat-synthetic 216
1 00217U 00000ABC 00001.00000000  .00000000  00000-0  00000+0 0    03
2 00217  98.9800 213.3333 0000001   0.0000 221.5385 13.66000000    07
Telesat-synthetic 217
1 00218U 00000ABC 00001.00000000  .00000000  00000-0  00000+0 0    04
2 00218  98.9800 213.3333 0000001   0.0000 249.2308 13.66000000    00
Telesat-synthetic 218
1 00219U 00000ABC 00001.00000000  .00000000  00000-0  00000+0 0    05
2 00219  98.9800 213.3333 0000001   0.0000 276.9231 13.66000000    03
Telesat-synthetic 219
1 00220U 00000ABC 00001.00000000  .00000000  00000-0  00000+0 0    07
2 00220  98.9800 213.3333 0000001   0.0000 304.6154 13.66000000    08
Telesat-synthetic 220
1 00221U 00000ABC 00001.00000000  .00000000  00000-0  00000+0 0    08
2 00221  98.9800 213.3333 0000001   0.0000 332.3077 13.66000000    01
Telesat-synthetic 221
1 00222U 00000ABC 00001.00000000  .00000000  00000-0  00000+0 0    09
2 00222  98.9800 226.6667 0000001   0.0000  13.8462 13.66000000    08
Telesat-synthetic 222
1 00223U 00000ABC 00001.00000000  .00000000  00000-0  00000+0 0    00
2 00223  98.9800 226.6667 0000001   0.0000  41.5385 13.66000000    01
Telesat-synthetic 223
1 00224U 00000ABC 00001.00000000  .00000000  00000-0  00000+0 0    01
2 00224  98.9800 226.6667 0000001   0.0000  69.2308 13.66000000    04
Telesat-synthetic 224
1 00225U 00000ABC 00001.00000000  .00000000  00000-0  00000+0 0    02
2 00225  98.9800 226.6667 0000001   0.0000  96.9231 13.66000000    07
Telesat-synthetic 225
1 00226U 00000ABC 00001.00000000  .00000000  00000-0  00000+0 0    03
2 00226  98.9800 226.6667 0000001   0.0000 124.6154 13.66000000    01
Telesat-synthetic 226
1 00227U 00000ABC 00001.00000000  .00000000  00000-0  00000+0 0    04
2 00227  98.9800 226.6667 0000001   0.0000 152.3077 13.66000000    04
Telesat-synthetic 227
1 00228U 00000ABC 00001.00000000  .00000000  00000-0  00000+0 0    05
2 00228  98.9800 226.6667 0000001   0.0000 180.0000 13.66000000    09
Telesat-synthetic 228
1 00229U 00000ABC 00001.00000000  .00000000  00000-0  00000+0 0    06
2 00229  98.9800 226.6667 0000001   0.0000 207.6923 13.66000000    00
Telesat-synthetic 229
1 00230U 00000ABC 00001.00000000  .00000000  00000-0  00000+0 0    08
2 00230  98.9800 226.6667 0000001   0.0000 235.3846 13.66000000    04
Telesat-synthetic 230
1 00231U 00000ABC 00001.00000000  .00000000  00000-0  00000+0 0    09
2 00231  98.9800 226.6667 0000001   0.0000 263.0769 13.66000000    07
Telesat-synthetic 231
1 00232U 00000ABC 00001.00000000  .00000000  00000-0  00000+0 0    00
2 00232  98.9800 226.6667 0000001   0.0000 290.7692 13.66000000    00
Telesat-synthetic 232
1 00233U 00000ABC 00001.00000000  .00000000  00000-0  00000+0 0    01
2 00233  98.9800 226.6667 0000001   0.0000 318.4615 13.66000000    04
Telesat-synthetic 233
1 00234U 00000ABC 00001.00000000  .00000000  00000-0  00000+0 0    02
2 00234  98.9800 226.6667 0000001   0.0000 346.1538 13.66000000    07
Telesat-synthetic 234
1 00235U 00000ABC 00001.00000000  .00000000  00000-0  00000+0 0    03
2 00235  98.9800 240.0000 0000001   0.0000   0.0000 13.66000000    09
Telesat-synthetic 235
1 00236U 00000ABC 00001.00000000  .00000000  00000-0  00000+0 0    04
2 00236  98.9800 240.0000 0000001   0.0000  27.6923 13.66000000    09
Telesat-synthetic 236
1 00237U 00000ABC 00001.00000000  .00000000  00000-0  00000+0 0    05
2 00237  98.9800 240.0000 0000001   0.0000  55.3846 13.66000000    02
Telesat-synthetic 237
1 00238U 00000ABC 00001.00000000  .00000000  00000-0  00000+0 0    06
2 00238  98.9800 240.0000 0000001   0.0000  83.0769 13.66000000    05
Telesat-synthetic 238
1 00239U 00000ABC 00001.00000000  .00000000  00000-0  00000+0 0    07
2 00239  98.9800 240.0000 0000001   0.0000 110.7692 13.66000000    09
Telesat-synthetic 239
1 00240U 00000ABC 00001.00000000  .00000000  00000-0  00000+0 0    09
2 00240  98.9800 240.0000 0000001   0.0000 138.4615 13.66000000    03
Telesat-synthetic 240
1 00241U 00000ABC 00001.00000000  .00000000  00000-0  00000+0 0    00
2 00241  98.9800 240.0000 0000001   0.0000 166.1538 13.66000000    06
Telesat-synthetic 241
1 00242U 00000ABC 00001.00000000  .00000000  00000-0  00000+0 0    01
2 00242  98.9800 240.0000 0000001   0.0000 193.8462 13.66000000    00
Telesat-synthetic 242
1 00243U 00000ABC 00001.00000000  .00000000  00000-0  00000+0 0    02
2 00243  98.9800 240.0000 0000001   0.0000 221.5385 13.66000000    04
Telesat-synthetic 243
1 00244U 00000ABC 00001.00000000  .00000000  00000-0  00000+0 0    03
2 00244  98.9800 240.0000 0000001   0.0000 249.2308 13.66000000    07
Telesat-synthetic 244
1 00245U 00000ABC 00001.00000000  .00000000  00000-0  00000+0 0    04
2 00245  98.9800 240.0000 0000001   0.0000 276.9231 13.66000000    00
Telesat-synthetic 245
1 00246U 00000ABC 00001.00000000  .00000000  00000-0  00000+0 0    05
2 00246  98.9800 240.0000 0000001   0.0000 304.6154 13.66000000    04
Telesat-synthetic 246
1 00247U 00000ABC 00001.00000000  .00000000  00000-0  00000+0 0    06
2 00247  98.9800 240.0000 0000001   0.0000 332.3077 13.66000000    07
Telesat-synthetic 247
1 00248U 00000ABC 00001.00000000  .00000000  00000-0  00000+0 0    07
2 00248  98.9800 253.3333 0000001   0.0000  13.8462 13.66000000    03
Telesat-synthetic 248
1 00249U 00000ABC 00001.00000000  .00000000  00000-0  00000+0 0    08
2 00249  98.9800 253.3333 0000001   0.0000  41.5385 13.66000000    06
Telesat-synthetic 249
1 00250U 00000ABC 00001.00000000  .00000000  00000-0  00000+0 0    00
2 00250  98.9800 253.3333 0000001   0.0000  69.2308 13.66000000    00
Telesat-synthetic 250
1 00251U 00000ABC 00001.00000000  .00000000  00000-0  00000+0 0    01
2 00251  98.9800 253.3333 0000001   0.0000  96.9231 13.66000000    03
Telesat-synthetic 251
1 00252U 00000ABC 00001.00000000  .00000000  00000-0  00000+0 0    02
2 00252  98.9800 253.3333 0000001   0.0000 124.6154 13.66000000    07
Telesat-synthetic 252
1 00253U 00000ABC 00001.00000000  .00000000  00000-0  00000+0 0    03
2 00253  98.9800 253.3333 0000001   0.0000 152.3077 13.66000000    00
Telesat-synthetic 253
1 00254U 00000ABC 00001.00000000  .00000000  00000-0  00000+0 0    04
2 00254  98.9800 253.3333 0000001   0.0000 180.0000 13.66000000    05
Telesat-synthetic 254
1 00255U 00000ABC 00001.00000000  .00000000  00000-0  00000+0 0    05
2 00255  98.9800 253.3333 0000001   0.0000 207.6923 13.66000000    06
Telesat-synthetic 255
1 00256U 00000ABC 00001.00000000  .00000000  00000-0  00000+0 0    06
2 00256  98.9800 253.3333 0000001   0.0000 235.3846 13.66000000    09
Telesat-synthetic 256
1 00257U 00000ABC 00001.00000000  .00000000  00000-0  00000+0 0    07
2 00257  98.9800 253.3333 0000001   0.0000 263.0769 13.66000000    02
Telesat-synthetic 257
1 00258U 00000ABC 00001.00000000  .00000000  00000-0  00000+0 0    08
2 00258  98.9800 253.3333 0000001   0.0000 290.7692 13.66000000    05
Telesat-synthetic 258
1 00259U 00000ABC 00001.00000000  .00000000  00000-0  00000+0 0    09
2 00259  98.9800 253.3333 0000001   0.0000 318.4615 13.66000000    09
Telesat-synthetic 259
1 00260U 00000ABC 00001.00000000  .00000000  00000-0  00000+0 0    01
2 00260  98.9800 253.3333 0000001   0.0000 346.1538 13.66000000    03
Telesat-synthetic 260
1 00261U 00000ABC 00001.00000000  .00000000  00000-0  00000+0 0    02
2 00261  98.9800 266.6667 0000001   0.0000   0.0000 13.66000000    01
Telesat-synthetic 261
1 00262U 00000ABC 00001.00000000  .00000000  00000-0  00000+0 0    03
2 00262  98.9800 266.6667 0000001   0.0000  27.6923 13.66000000    01
Telesat-synthetic 262
1 00263U 00000ABC 00001.00000000  .00000000  00000-0  00000+0 0    04
2 00263  98.9800 266.6667 0000001   0.0000  55.3846 13.66000000    04
Telesat-synthetic 263
1 00264U 00000ABC 00001.00000000  .00000000  00000-0  00000+0 0    05
2 00264  98.9800 266.6667 0000001   0.0000  83.0769 13.66000000    07
Telesat-synthetic 264
1 00265U 00000ABC 00001.00000000  .00000000  00000-0  00000+0 0    06
2 00265  98.9800 266.6667 0000001   0.0000 110.7692 13.66000000    01
Telesat-synthetic 265
1 00266U 00000ABC 00001.00000000  .00000000  00000-0  00000+0 0    07
2 00266  98.9800 266.6667 0000001   0.0000 138.4615 13.66000000    04
Telesat-synthetic 266
1 00267U 00000ABC 00001.00000000  .00000000  00000-0  00000+0 0    08
2 00267  98.9800 266.6667 0000001   0.0000 166.1538 13.66000000    07
Telesat-synthetic 267
1 00268U 00000ABC 00001.00000000  .00000000  00000-0  00000+0 0    09
2 00268  98.9800 266.6667 0000001   0.0000 193.8462 13.66000000    01
Telesat-synthetic 268
1 00269U 00000ABC 00001.00000000  .00000000  00000-0  00000+0 0    00
2 00269  98.9800 266.6667 0000001   0.0000 221.5385 13.66000000    05
Telesat-synthetic 269
1 00270U 00000ABC 00001.00000000  .00000000  00000-0  00000+0 0    02
2 00270  98.9800 266.6667 0000001   0.0000 249.2308 13.66000000    09
Telesat-synthetic 270
1 00271U 00000ABC 00001.00000000  .00000000  00000-0  00000+0 0    03
2 00271  98.9800 266.6667 0000001   0.0000 276.9231 13.66000000    02
Telesat-synthetic 271
1 00272U 00000ABC 00001.00000000  .00000000  00000-0  00000+0 0    04
2 00272  98.9800 266.6667 0000001   0.0000 304.6154 13.66000000    06
Telesat-synthetic 272
1 00273U 00000ABC 00001.00000000  .00000000  00000-0  00000+0 0    05
2 00273  98.9800 266.6667 0000001   0.0000 332.3077 13.66000000    09
Telesat-synthetic 273
1 00274U 00000ABC 00001.00000000  .00000000  00000-0  00000+0 0    06
2 00274  98.9800 280.0000 0000001   0.0000  13.8462 13.66000000    00
Telesat-synthetic 274
1 00275U 00000ABC 00001.00000000  .00000000  00000-0  00000+0 0    07
2 00275  98.9800 280.0000 0000001   0.0000  41.5385 13.66000000    03
Telesat-synthetic 275
1 00276U 00000ABC 00001.00000000  .00000000  00000-0  00000+0 0    08
2 00276  98.9800 280.0000 0000001   0.0000  69.2308 13.66000000    06
Telesat-synthetic 276
1 00277U 00000ABC 00001.00000000  .00000000  00000-0  00000+0 0    09
2 00277  98.9800 280.0000 0000001   0.0000  96.9231 13.66000000    09
Telesat-synthetic 277
1 00278U 00000ABC 00001.00000000  .00000000  00000-0  00000+0 0    00
2 00278  98.9800 280.0000 0000001   0.0000 124.6154 13.66000000    03
Telesat-synthetic 278
1 00279U 00000ABC 00001.00000000  .00000000  00000-0  00000+0 0    01
2 00279  98.9800 280.0000 0000001   0.0000 152.3077 13.66000000    06
Telesat-synthetic 279
1 00280U 00000ABC 00001.00000000  .00000000  00000-0  00000+0 0    03
2 00280  98.9800 280.0000 0000001   0.0000 180.0000 13.66000000    02
Telesat-synthetic 280
1 00281U 00000ABC 00001.00000000  .00000000  00000-0  00000+0 0    04
2 00281  98.9800 280.0000 0000001   0.0000 207.6923 13.66000000    03
Telesat-synthetic 281
1 00282U 00000ABC 00001.00000000  .00000000  00000-0  00000+0 0    05
2 00282  98.9800 280.0000 0000001   0.0000 235.3846 13.66000000    06
Telesat-synthetic 282
1 00283U 00000ABC 00001.00000000  .00000000  00000-0  00000+0 0    06
2 00283  98.9800 280.0000 0000001   0.0000 263.0769 13.66000000    09
Telesat-synthetic 283
1 00284U 00000ABC 00001.00000000  .00000000  00000-0  00000+0 0    07
2 00284  98.9800 280.0000 0000001   0.0000 290.7692 13.66000000    02
Telesat-synthetic 284
1 00285U 00000ABC 00001.00000000  .00000000  00000-0  00000+0 0    08
2 00285  98.9800 280.0000 0000001   0.0000 318.4615 13.66000000    06
Telesat-synthetic 285
1 00286U 00000ABC 00001.00000000  .00000000  00000-0  00000+0 0    09
2 00286  98.9800 280.0000 0000001   0.0000 346.1538 13.66000000    09
Telesat-synthetic 286
1 00287U 00000ABC 00001.00000000  .00000000  00000-0  00000+0 0    00
2 00287  98.9800 293.3333 0000001   0.0000   0.0000 13.66000000    06
Telesat-synthetic 287
1 00288U 00000ABC 00001.00000000  .00000000  00000-0  00000+0 0    01
2 00288  98.9800 293.3333 0000001   0.0000  27.6923 13.66000000    06
Telesat-synthetic 288
1 00289U 00000ABC 00001.00000000  .00000000  00000-0  00000+0 0    02
2 00289  98.9800 293.3333 0000001   0.0000  55.3846 13.66000000    09
Telesat-synthetic 289
1 00290U 00000ABC 00001.00000000  .00000000  00000-0  00000+0 0    04
2 00290  98.9800 293.3333 0000001   0.0000  83.0769 13.66000000    03
Telesat-synthetic 290
1 00291U 00000ABC 00001.00000000  .00000000  00000-0  00000+0 0    05
2 00291  98.9800 293.3333 0000001   0.0000 110.7692 13.66000000    07
Telesat-synthetic 291
1 00292U 00000ABC 00001.00000000  .00000000  00000-0  00000+0 0    06
2 00292  98.9800 293.3333 0000001   0.0000 138.4615 13.66000000    00
Telesat-synthetic 292
1 00293U 00000ABC 00001.00000000  .00000000  00000-0  00000+0 0    07
2 00293  98.9800 293.3333 0000001   0.0000 166.1538 13.66000000    03
Telesat-synthetic 293
1 00294U 00000ABC 00001.00000000  .00000000  00000-0  00000+0 0    08
2 00294  98.9800 293.3333 0000001   0.0000 193.8462 13.66000000    07
Telesat-synthetic 294
1 00295U 00000ABC 00001.00000000  .00000000  00000-0  00000+0 0    09
2 00295  98.9800 293.3333 0000001   0.0000 221.5385 13.66000000    01
Telesat-synthetic 295
1 00296U 00000ABC 00001.00000000  .00000000  00000-0  00000+0 0    00
2 00296  98.9800 293.3333 0000001   0.0000 249.2308 13.66000000    04
Telesat-synthetic 296
1 00297U 00000ABC 00001.00000000  .00000000  00000-0  00000+0 0    01
2 00297  98.9800 293.3333 0000001   0.0000 276.9231 13.66000000    07
Telesat-synthetic 297
1 00298U 00000ABC 00001.00000000  .00000000  00000-0  00000+0 0    02
2 00298  98.9800 293.3333 0000001   0.0000 304.6154 13.66000000    01
Telesat-synthetic 298
1 00299U 00000ABC 00001.00000000  .00000000  00000-0  00000+0 0    03
2 00299  98.9800 293.3333 0000001   0.0000 332.3077 13.66000000    04
Telesat-synthetic 299
1 00300U 00000ABC 00001.00000000  .00000000  00000-0  00000+0 0    06
2 00300  98.9800 306.6667 0000001   0.0000  13.8462 13.66000000    04
Telesat-synthetic 300
1 00301U 00000ABC 00001.00000000  .00000000  00000-0  00000+0 0    07
2 00301  98.9800 306.6667 0000001   0.0000  41.5385 13.66000000    07
Telesat-synthetic 301
1 00302U 00000ABC 00001.00000000  .00000000  00000-0  00000+0 0    08
2 00302  98.9800 306.6667 0000001   0.0000  69.2308 13.66000000    00
Telesat-synthetic 302
1 00303U 00000ABC 00001.00000000  .00000000  00000-0  00000+0 0    09
2 00303  98.9800 306.6667 0000001   0.0000  96.9231 13.66000000    03
Telesat-synthetic 303
1 00304U 00000ABC 00001.00000000  .00000000  00000-0  00000+0 0    00
2 00304  98.9800 306.6667 0000001   0.0000 124.6154 13.66000000    07
Telesat-synthetic 304
1 00305U 00000ABC 00001.00000000  .00000000  00000-0  00000+0 0    01
2 00305  98.9800 306.6667 0000001   0.0000 152.3077 13.66000000    00
Telesat-synthetic 305
1 00306U 00000ABC 00001.00000000  .00000000  00000-0  00000+0 0    02
2 00306  98.9800 306.6667 0000001   0.0000 180.0000 13.66000000    05
Telesat-synthetic 306
1 00307U 00000ABC 00001.00000000  .00000000  00000-0  00000+0 0    03
2 00307  98.9800 306.6667 0000001   0.0000 207.6923 13.66000000    06
Telesat-synthetic 307
1 00308U 00000ABC 00001.00000000  .00000000  00000-0  00000+0 0    04
2 00308  98.9800 306.6667 0000001   0.0000 235.3846 13.66000000    09
Telesat-synthetic 308
1 00309U 00000ABC 00001.00000000  .00000000  00000-0  00000+0 0    05
2 00309  98.9800 306.6667 0000001   0.0000 263.0769 13.66000000    02
Telesat-synthetic 309
1 00310U 00000ABC 00001.00000000  .00000000  00000-0  00000+0 0    07
2 00310  98.9800 306.6667 0000001   0.0000 290.7692 13.66000000    06
Telesat-synthetic 310
1 00311U 00000ABC 00001.00000000  .00000000  00000-0  00000+0 0    08
2 00311  98.9800 306.6667 0000001   0.0000 318.4615 13.66000000    00
Telesat-synthetic 311
1 00312U 00000ABC 00001.00000000  .00000000  00000-0  00000+0 0    09
2 00312  98.9800 306.6667 0000001   0.0000 346.1538 13.66000000    03
Telesat-synthetic 312
1 00313U 00000ABC 00001.00000000  .00000000  00000-0  00000+0 0    00
2 00313  98.9800 320.0000 0000001   0.0000   0.0000 13.66000000    05
Telesat-synthetic 313
1 00314U 00000ABC 00001.00000000  .00000000  00000-0  00000+0 0    01
2 00314  98.9800 320.0000 0000001   0.0000  27.6923 13.66000000    05
Telesat-synthetic 314
1 00315U 00000ABC 00001.00000000  .00000000  00000-0  00000+0 0    02
2 00315  98.9800 320.0000 0000001   0.0000  55.3846 13.66000000    08
Telesat-synthetic 315
1 00316U 00000ABC 00001.00000000  .00000000  00000-0  00000+0 0    03
2 00316  98.9800 320.0000 0000001   0.0000  83.0769 13.66000000    01
Telesat-synthetic 316
1 00317U 00000ABC 00001.00000000  .00000000  00000-0  00000+0 0    04
2 00317  98.9800 320.0000 0000001   0.0000 110.7692 13.66000000    05
Telesat-synthetic 317
1 00318U 00000ABC 00001.00000000  .00000000  00000-0  00000+0 0    05
2 00318  98.9800 320.0000 0000001   0.0000 138.4615 13.66000000    08
Telesat-synthetic 318
1 00319U 00000ABC 00001.00000000  .00000000  00000-0  00000+0 0    06
2 00319  98.9800 320.0000 0000001   0.0000 166.1538 13.66000000    01
Telesat-synthetic 319
1 00320U 00000ABC 00001.00000000  .00000000  00000-0  00000+0 0    08
2 00320  98.9800 320.0000 0000001   0.0000 193.8462 13.66000000    06
Telesat-synthetic 320
1 00321U 00000ABC 00001.00000000  .00000000  00000-0  00000+0 0    09
2 00321  98.9800 320.0000 0000001   0.0000 221.5385 13.66000000    00
Telesat-synthetic 321
1 00322U 00000ABC 00001.00000000  .00000000  00000-0  00000+0 0    00
2 00322  98.9800 320.0000 0000001   0.0000 249.2308 13.66000000    03
Telesat-synthetic 322
1 00323U 00000ABC 00001.00000000  .00000000  00000-0  00000+0 0    01
2 00323  98.9800 320.0000 0000001   0.0000 276.9231 13.66000000    06
Telesat-synthetic 323
1 00324U 00000ABC 00001.00000000  .00000000  00000-0  00000+0 0    02
2 00324  98.9800 320.0000 0000001   0.0000 304.6154 13.66000000    00
Telesat-synthetic 324
1 00325U 00000ABC 00001.00000000  .00000000  00000-0  00000+0 0    03
2 00325  98.9800 320.0000 0000001   0.0000 332.3077 13.66000000    03
Telesat-synthetic 325
1 00326U 00000ABC 00001.00000000  .00000000  00000-0  00000+0 0    04
2 00326  98.9800 333.3333 0000001   0.0000  13.8462 13.66000000    09
Telesat-synthetic 326
1 00327U 00000ABC 00001.00000000  .00000000  00000-0  00000+0 0    05
2 00327  98.9800 333.3333 0000001   0.0000  41.5385 13.66000000    02
Telesat-synthetic 327
1 00328U 00000ABC 00001.00000000  .00000000  00000-0  00000+0 0    06
2 00328  98.9800 333.3333 0000001   0.0000  69.2308 13.66000000    05
Telesat-synthetic 328
1 00329U 00000ABC 00001.00000000  .00000000  00000-0  00000+0 0    07
2 00329  98.9800 333.3333 0000001   0.0000  96.9231 13.66000000    08
Telesat-synthetic 329
1 00330U 00000ABC 00001.00000000  .00000000  00000-0  00000+0 0    09
2 00330  98.9800 333.3333 0000001   0.0000 124.6154 13.66000000    03
Telesat-synthetic 330
1 00331U 00000ABC 00001.00000000  .00000000  00000-0  00000+0 0    00
2 00331  98.9800 333.3333 0000001   0.0000 152.3077 13.66000000    06
Telesat-synthetic 331
1 00332U 00000ABC 00001.00000000  .00000000  00000-0  00000+0 0    01
2 00332  98.9800 333.3333 0000001   0.0000 180.0000 13.66000000    01
Telesat-synthetic 332
1 00333U 00000ABC 00001.00000000  .00000000  00000-0  00000+0 0    02
2 00333  98.9800 333.3333 0000001   0.0000 207.6923 13.66000000    02
Telesat-synthetic 333
1 00334U 00000ABC 00001.00000000  .00000000  00000-0  00000+0 0    03
2 00334  98.9800 333.3333 0000001   0.0000 235.3846 13.66000000    05
Telesat-synthetic 334
1 00335U 00000ABC 00001.00000000  .00000000  00000-0  00000+0 0    04
2 00335  98.9800 333.3333 0000001   0.0000 263.0769 13.66000000    08
Telesat-synthetic 335
1 00336U 00000ABC 00001.00000000  .00000000  00000-0  00000+0 0    05
2 00336  98.9800 333.3333 0000001   0.0000 290.7692 13.66000000    01
Telesat-synthetic 336
1 00337U 00000ABC 00001.00000000  .00000000  00000-0  00000+0 0    06
2 00337  98.9800 333.3333 0000001   0.0000 318.4615 13.66000000    05
Telesat-synthetic 337
1 00338U 00000ABC 00001.00000000  .00000000  00000-0  00000+0 0    07
2 00338  98.9800 333.3333 0000001   0.0000 346.1538 13.66000000    08
Telesat-synthetic 338
1 00339U 00000ABC 00001.00000000  .00000000  00000-0  00000+0 0    08
2 00339  98.9800 346.6667 0000001   0.0000   0.0000 13.66000000    06
Telesat-synthetic 339
1 00340U 00000ABC 00001.00000000  .00000000  00000-0  00000+0 0    00
2 00340  98.9800 346.6667 0000001   0.0000  27.6923 13.66000000    07
Telesat-synthetic 340
1 00341U 00000ABC 00001.00000000  .00000000  00000-0  00000+0 0    01
2 00341  98.9800 346.6667 0000001   0.0000  55.3846 13.66000000    00
Telesat-synthetic 341
1 00342U 00000ABC 00001.00000000  .00000000  00000-0  00000+0 0    02
2 00342  98.9800 346.6667 0000001   0.0000  83.0769 13.66000000    03
Telesat-synthetic 342
1 00343U 00000ABC 00001.00000000  .00000000  00000-0  00000+0 0    03
2 00343  98.9800 346.6667 0000001   0.0000 110.7692 13.66000000    07
Telesat-synthetic 343
1 00344U 00000ABC 00001.00000000  .00000000  00000-0  00000+0 0    04
2 00344  98.9800 346.6667 0000001   0.0000 138.4615 13.66000000    00
Telesat-synthetic 344
1 00345U 00000ABC 00001.00000000  .00000000  00000-0  00000+0 0    05
2 00345  98.9800 346.6667 0000001   0.0000 166.1538 13.66000000    03
Telesat-synthetic 345
1 00346U 00000ABC 00001.00000000  .00000000  00000-0  00000+0 0    06
2 00346  98.9800 346.6667 0000001   0.0000 193.8462 13.66000000    07
Telesat-synthetic 346
1 00347U 00000ABC 00001.00000000  .00000000  00000-0  00000+0 0    07
2 00347  98.9800 346.6667 0000001   0.0000 221.5385 13.66000000    01
Telesat-synthetic 347
1 00348U 00000ABC 00001.00000000  .00000000  00000-0  00000+0 0    08
2 00348  98.9800 346.6667 0000001   0.0000 249.2308 13.66000000    04
Telesat-synthetic 348
1 00349U 00000ABC 00001.00000000  .00000000  00000-0  00000+0 0    09
2 00349  98.9800 346.6667 0000001   0.0000 276.9231 13.66000000    07
Telesat-synthetic 349
1 00350U 00000ABC 00001.00000000  .00000000  00000-0  00000+0 0    01
2 00350  98.9800 346.6667 0000001   0.0000 304.6154 13.66000000    02
Telesat-synthetic 350
1 00351U 00000ABC 00001.00000000  .00000000  00000-0  00000+0 0    02
2 00351  98.9800 346.6667 0000001   0.0000 332.3077 13.66000000    05
